27.731,98.602,101.66,102.04,104.14,138.84,97.81,113.43,114.52,109.24,108.03,118.79,120,121.62,122.39,123.53,124,127,127.34,123.3,119.07,123.24,129.05,126.8,121.32,135.88,127.01,142,130.61,127.74,148,144.67,146.22,143.25,151.72,145.76,151.03,152.68,150.03,149.2,136.24,137.01,134.28,148.52,140.09,143.14,135.65,128.48,145.15,140.25,142.48,138.26,160.46,155.76,150.83,161.02,151.61,161.39,156.49,162.03,135.04,130.05,125.06,135.18,140.64,130.31,125.36,136.1,130.61,152.24,148.73,135.01,150.21,130.01,102.21,145.17,126.06,133.6,147.01,149.91,141.86,120.48,118.28,114.76,134.69,114.41,121.38,109.85,101.7,111.54,107,108.03,109.72,104.76,101.18,126.4,102.81,96,95.831,100.44
98.602,20.616,107.03,105.52,95.831,130.31,103,104.87,107,100.77,100.05,115,113.54,117.46,116.93,119.15,117.46,120.41,121.62,115,110.52,114.76,121.26,118.28,113.35,127.85,118.43,133.66,122.02,119.15,139.5,136.1,137.63,134.65,143.15,137.17,142.43,144.08,141.48,142.77,129.29,129.85,127,141.66,132.72,136.32,128.08,121.32,140.09,132.49,134.72,130.31,155.01,150.07,145.08,155.19,145.44,155.38,150.41,155.76,130.31,125.36,120.41,130.11,135.01,125.06,120.07,130.11,125,154.03,151.03,130.79,151.72,125.9,95,147.01,126.8,134.6,148,150.21,143.15,123.54,120.89,117.73,137.51,115.81,120.61,112.36,102.53,111.21,108.03,116.63,102.37,113.32,109.72,124.48,111.21,103.93,104.14,108.03
101.66,107.03,29.069,93.606,110.4,143.34,94.123,119.41,124.01,117.17,117,130.31,130.45,133.08,133.42,134.94,134.41,137.38,138.27,127.22,124.54,128.01,138.09,131.59,130.11,144.45,132.54,149.67,136.1,134.27,152.13,149.54,151.29,149.09,156.37,151.85,156.64,158.45,156.48,147.25,135.8,137.01,134.69,147.45,140.45,142.15,136.69,128.95,140.96,141.62,143.76,140.25,156.48,152.3,147.58,157.68,149.09,158.35,153.69,159.46,130.8,126.06,121.38,131.44,137.54,127.16,122.65,133.83,128.01,141.09,137.38,130.02,139.2,125.17,107.46,134.05,116,123.12,136.32,139.65,131.05,109.1,107.2,103.6,123.24,104.56,113.09,99.487,97.81,104.14,99.22,106.76,112.83,103.34,101,119,106.12,97.211,103.04,107.46
102.04,105.52,93.606,25.612,108.03,140.12,94.472,116.68,122.25,115,115.18,129.82,129.05,132.49,132.38,134.28,132.95,135.89,137.13,124,121.62,124.93,136,128.48,128,142.15,129.56,147.07,133.08,131.48,148.83,146.36,148.14,146.08,153.13,148.87,153.56,155.39,153.57,143.67,132.2,133.42,131.11,143.85,136.86,138.55,133.14,125.38,137.54,138.08,140.21,136.75,153.06,148.82,144.08,154.2,145.54,154.85,150.17,155.92,127.36,122.57,117.86,127.95,134.01,123.62,119.07,130.25,124.44,140.21,136.75,126.67,138.17,121.78,105.03,133.14,114.19,121.62,135,138.02,129.82,108.6,106.28,102.81,122.8,102.53,110.4,97.81,94.472,101,96,110.25,109.7,106.76,104.14,116.08,109,99.22,104.87,109.65
104.14,95.831,110.4,108.03,15.133,124.71,106.76,99.434,104.87,97.071,98.062,116.25,112.36,118.28,116.63,119.73,116,118.79,120.89,109.21,105,109.1,118.02,112.67,110.02,124.13,113.02,129.29,116.63,114.17,133.86,130.61,132.2,129.45,137.63,132.06,137.17,138.88,136.52,137.38,123.73,124.21,121.32,136.1,127,130.79,122.31,115.71,135.4,126.67,128.91,124.48,150.03,145,140,150.03,140.16,150.13,145.15,150.41,125.9,121.05,116.25,125.51,130.05,120.41,115.5,125,120.15,153.51,150.9,126.69,151.03,121.95,93,146.6,126.06,133.83,147.01,148.73,142.43,124.48,121.62,118.86,137.93,116,119.07,113.54,104.04,110.59,108.68,122.02,97,118.6,115,122.02,116.91,108.87,109.85,113.85
138.84,130.31,143.34,140.12,124.71,25.298,140.48,115.46,120.46,120.61,123.02,133.93,123.54,133.42,128.21,133.19,123.06,123.02,128.01,106.12,109.8,105.62,114.08,102.04,114.74,111.54,102.21,107.69,98.944,103.6,99.22,96.325,98.246,98.544,103.04,101.4,104.14,106.12,106.28,121.24,111.47,109.72,108.38,117.2,108.44,114.76,105.65,110.1,128.83,104.14,105,101.4,136.4,131.23,127.48,134.1,124.83,133.05,128.83,131.59,126.06,124.71,124.06,124.18,122.76,121.78,121.06,118.64,119.83,169.91,169.31,128.9,166.94,127.66,127.01,164.33,146.08,152.03,162.01,161.06,159.35,150.42,147.49,146.32,160.11,141.66,138.17,142.2,135.65,135.88,137.54,156.71,120.53,153.25,149.67,136.04,151.52,143.41,144.45,148.05
97.81,103,94.123,94.472,106.76,140.48,26.907,116,120,113.35,113.02,126.25,126.35,129,129.29,130.85,130.31,133.29,134.15,124.41,121.3,124.99,134.18,128.59,126.22,140.64,129.36,146.04,132.94,130.85,149.41,146.6,148.31,145.9,153.51,148.6,153.53,155.3,153.16,146.46,134.42,135.49,133.01,146.36,138.83,141,134.82,127.2,140.99,139.68,141.86,138.1,156.49,152.1,147.28,157.45,148.52,158.01,153.25,158.95,130.79,125.9,121.05,131.23,137.13,126.69,121.95,133.08,127.34,144.49,140.93,130.31,142.5,125.36,103.93,137.42,118.65,126.06,139.41,142.48,134.2,112.67,110.52,106.97,126.88,107,114.74,102.21,96.325,105.13,100.2,107.49,110,103.89,100.77,120.27,105.13,95,100.44,105.3
113.43,104.87,119.41,116.68,99.434,115.46,116,11.662,101.66,96.083,99.055,116.57,109.21,117.73,114.41,118.65,111.93,114.21,117.59,100.77,95.657,100,110.88,103.45,103.42,116.08,103.6,120.41,107.2,104.87,124.66,121.24,122.8,120.02,128.29,122.65,127.74,129.45,127.16,132.05,118.02,118.02,115.02,130.05,120.27,125,115.32,110.1,132.38,119.12,121.32,116.57,145.9,140.64,135.71,145.33,135.18,145.15,140.16,145.01,124,119.68,115.61,123.11,126.4,118.18,113.85,121.05,117.31,157.98,155.92,125.51,155.3,121.4,102.08,151.33,130.85,138.33,150.9,151.85,146.8,131.3,128.33,126.06,143.85,122.39,123.11,121,112.36,116.48,116,131.4,98.246,128.01,124.41,124.41,126.07,118.3,119,122.65
114.52,107,124.01,122.25,104.87,120.46,120,101.66,23.324,98.062,97.071,105.3,97.81,106.16,102.81,107,101.18,103.93,106.4,110.1,104.14,108,104.56,110.22,97.211,111.54,108.68,118.3,111.54,107,129.36,124.99,126.06,122.02,131.88,123.97,129.7,131.04,127.54,142.61,128.64,128.33,125.36,140.16,130.05,135.4,125.06,121.05,143.85,128.05,130.11,125.13,156.94,151.61,146.75,156.1,145.9,155.76,150.83,155.38,135.65,131.34,127.2,134.72,137.76,129.82,125.51,132.38,128.91,168.03,165.59,137.17,165.47,133.01,107.72,161.2,140.61,148.31,161.28,162.62,156.89,139.34,136.49,133.68,152.77,130.85,133.27,128.33,118.64,125.34,123.53,131.79,108.44,128.9,125.44,135.34,125.34,120.41,118.79,120.89
109.24,100.77,117.17,115,97.071,120.61,113.35,96.083,98.062,16.763,93,111.47,105.81,113.02,110.52,114.21,109.24,111.93,114.41,106.76,101.18,105.65,111,108.87,103,117.29,108.44,122.89,111.93,108.6,129.82,126.07,127.48,124.21,133.14,126.62,132.01,133.6,130.82,138.01,124,124.06,121.06,136.1,126.35,131.01,121.4,116.02,137.8,125.17,127.36,122.57,151.66,146.44,141.48,151.2,141.09,151.07,146.08,151,129,124.44,120.02,128.28,131.98,123.24,118.64,126.67,122.57,159.97,157.54,130.25,157.42,125.85,100.05,153.13,132.54,140.25,153.25,154.66,148.83,131.48,128.6,125.9,144.78,122.89,125.23,120.59,111.1,117.31,115.71,127.22,100.63,124,120.41,127.48,121.4,114.7,114.41,117.59
108.03,100.05,117,115.18,98.062,123.02,113.02,99.055,97.071,93,19.647,108.87,104.32,110.62,108.6,111.93,108.03,110.88,112.83,109.65,103.93,108.38,111.21,111.47,103.34,117.89,110.81,124.01,114.21,110.52,132.2,128.29,129.62,126.12,135.34,128.42,133.93,135.45,132.44,141.01,127,127.05,124.06,139.09,129.32,134.01,124.37,119.02,140.7,128.08,130.26,125.44,154.63,149.41,144.45,154.2,144.08,154.07,149.08,154,131.79,127.16,122.65,131.11,134.91,126.06,121.38,129.62,125.44,161.56,158.96,132.95,159.07,128.47,100.77,154.66,134.1,141.87,155,156.6,150.46,132.38,129.56,126.69,145.95,124.01,127.01,121.32,111.59,118.65,116.57,125.78,103.04,122.7,119.15,129.62,119.68,113.77,112.83,115.61
118.79,115,130.31,129.82,116.25,133.93,126.25,116.57,105.3,111.47,108.87,38.079,100.44,93,97.071,95,102.21,104.14,101.18,125.36,119.43,123.14,111.95,125,109.24,118.6,123.06,126.62,125.36,120.41,142.2,137.43,138.1,133.46,143.85,134.72,140.54,141.48,137.17,157.9,143.94,143.6,140.64,155.38,145.23,150.67,140.25,136.32,158.95,143.01,145,140,172.23,166.9,162.03,171.39,161.2,171.05,166.12,170.62,150.42,145.9,141.48,149.62,152.94,144.63,140.09,147.57,143.85,179.02,176.02,151.72,176.68,147.31,118.28,172.01,151.72,159.53,172.88,174.85,168.1,148.31,145.76,142.48,162.4,140.8,145.15,137.17,127.44,136.1,133.01,132,121.91,130.11,127.34,148.26,125,124.48,120.41,120
120,113.54,130.45,129.05,112.36,123.54,126.35,109.21,97.81,105.81,104.32,100.44,30.806,100,95.385,100.2,94,97,98.602,116.25,110.62,113.77,102.04,115.18,99,109.1,113.02,116.91,115.08,110.1,131.76,127,127.7,123.11,133.46,124.48,130.31,131.34,127.2,148.69,134.92,134.38,131.48,145.9,135.71,141.42,130.79,127.7,150.84,133.19,135.1,130.11,163.38,158.01,153.25,162.28,152.1,161.81,156.94,161.2,143,138.83,134.82,141.97,144.63,137.17,133.01,139.24,136.14,175.76,173.24,144.64,173.22,140.61,115.08,168.89,148.31,156.04,169.06,170.43,164.63,146.65,143.85,140.92,160.26,138.33,141.04,135.54,125.74,132.94,130.85,136.1,116.25,133.57,130.31,143.15,129.29,126,123.38,124.48
121.62,117.46,133.08,132.49,118.28,133.42,129,117.73,106.16,113.02,110.62,93,100,39.357,95.385,92,100.77,102.21,98.602,125.9,120.08,123.54,110.62,125.13,109,116.93,123.02,124.99,125.06,120.07,141.42,136.57,137.13,132.38,142.81,133.46,139.24,140.09,135.65,158.45,144.57,144.13,141.2,155.76,145.58,151.19,140.64,137.13,160.01,143.15,145.08,140.09,172.97,167.62,162.8,172,161.81,171.58,166.69,171.05,151.72,147.31,143,150.84,153.91,145.9,141.48,148.52,145.04,181.4,178.48,153.13,179.02,148.83,120.48,174.4,154.03,161.84,175.15,177,170.43,150.9,148.31,145.07,164.95,143.25,147.31,139.74,129.96,138.41,135.49,135,123.6,133.1,130.31,150.21,128,127.36,123.38,123
122.39,116.93,133.42,132.38,116.63,128.21,129.29,114.41,102.81,110.52,108.6,97.071,95.385,95.385,36.056,95,95.385,97.071,95,121.62,116,119.12,105.23,120.41,104.14,111.63,118.16,119.68,120,115,136.1,131.23,131.76,127,137.43,128.08,133.86,134.72,130.31,154.03,140.29,139.73,136.84,151.19,140.99,146.75,136.1,133.08,156.21,138.37,140.25,135.28,168.75,163.38,158.62,167.62,157.45,167.13,162.28,166.49,148.31,144.08,140,147.31,150.01,142.48,138.26,144.63,141.48,180.14,177.46,149.91,177.66,145.8,119.15,173.22,152.68,160.46,173.6,175.15,169.06,150.42,147.7,144.63,164.24,142.35,145.61,139.24,129.4,137.17,134.72,137.27,121.11,135.04,132,148,130.31,128.33,125,125.36
123.53,119.15,134.94,134.28,119.73,133.19,130.85,118.65,107,114.21,111.93,95,100.2,92,95,40.311,100.2,101.18,97.071,126.4,120.68,123.96,109.92,125.36,109.1,115.94,123.14,124,125,120,140.99,136.1,136.57,131.76,142.2,132.72,138.47,139.24,134.72,158.88,145.08,144.57,141.66,156.1,145.9,151.61,140.99,137.76,160.77,143.34,145.23,140.25,173.52,168.16,163.38,172.46,162.28,172,167.13,171.39,152.65,148.31,144.08,151.72,154.62,146.82,142.48,149.24,145.9,183.01,180.14,154.14,180.6,149.91,122.02,176.02,155.6,163.41,176.68,178.46,172.01,152.65,150.03,146.82,166.66,144.92,148.8,141.48,131.68,140,137.17,137,124.83,135.1,132.3,151.55,130,129.29,125.36,125
124,117.46,134.41,132.95,116,123.06,130.31,111.93,101.18,109.24,108.03,102.21,94,100.77,95.385,100.2,33.302,93,95.831,117.73,112.47,115.08,99.849,115.96,99.849,106.4,113.54,114.41,115.08,110.1,130.79,125.9,126.4,121.62,132.06,122.7,128.48,129.36,124.99,149.77,136.24,135.54,132.72,146.75,136.57,142.5,131.76,129.36,152.65,133.74,135.54,130.61,164.67,159.29,154.62,163.38,153.25,162.8,158.01,162.03,145.22,141.22,137.42,144.08,146.36,139.41,135.45,141,138.26,179.19,176.77,147.01,176.61,143.15,118.79,172.37,151.77,159.46,172.38,173.6,168.03,150.41,147.58,144.71,163.93,142,144.38,139.34,129.56,136.52,134.6,140.01,119.41,137.52,134.28,146.22,133.17,130,127.34,128.33
127,120.41,137.38,135.89,118.79,123.02,133.29,114.21,103.93,111.93,110.88,104.14,97,102.21,97.071,101.18,93,35.355,95,119.15,114.21,116.42,99.055,116.93,101.4,104.76,114.35,112.83,115.5,110.62,130.31,125.36,125.69,120.81,131.23,121.62,127.34,128.08,123.54,150.75,137.42,136.62,133.86,147.57,137.43,143.49,132.72,130.82,154.14,134.38,136.1,131.23,165.77,160.38,155.8,164.33,154.26,163.68,158.95,162.8,147.01,143.15,139.5,145.8,147.8,141.22,137.42,142.48,140,181.79,179.44,148.9,179.19,145.17,121.62,175,154.41,162.07,174.91,176.02,170.62,153.25,150.41,147.57,166.69,144.78,146.94,142.2,132.45,139.24,137.43,142.95,121.91,140.49,137.27,148.6,136.1,133,130.31,131.23
127.34,121.62,138.27,137.13,120.89,128.01,134.15,117.59,106.4,114.41,112.83,101.18,98.602,98.602,95,97.071,95.831,95,39.051,123.54,118.3,120.87,104.04,121.62,105.65,109.31,119.12,117.31,120.41,115.5,135.28,130.31,130.61,125.69,136.1,126.4,132.06,132.72,128.08,155.46,142,141.26,138.47,152.36,142.2,148.19,137.43,135.18,158.48,139.24,140.99,136.1,170.41,165.03,160.38,169.06,158.95,168.45,163.68,167.62,151.03,147.01,143.15,149.91,152.18,145.22,141.22,146.82,144.08,184.34,181.79,152.8,181.81,148.9,123.54,177.46,156.89,164.63,177.66,179.02,173.22,155,152.24,149.24,168.72,146.8,149.64,143.85,134.01,141.48,139.24,142.24,124.83,140.04,137,151.72,135.28,133.29,130,130.31
123.3,115,127.22,124,109.21,106.12,124.41,100.77,110.1,106.76,109.65,125.36,116.25,125.9,121.62,126.4,117.73,119.15,123.54,10,96,92.828,112.63,95,107.89,115.06,97.28,116.48,100,101.18,115,112.36,114.17,112.56,119.15,115.5,119.73,121.62,120.41,122.56,108.68,108.25,105.3,120.07,110,115.32,105,101.66,124.99,108.44,110.62,105.81,137.13,131.76,127,136.1,125.9,135.71,130.79,135.28,118.28,115,112.36,116.91,118.65,112.67,109.72,113.32,111.21,158.01,156.71,120.48,155.15,117.46,111.21,151.85,132.3,139.03,150.41,150.42,147.01,135.28,132.3,130.79,146.14,126.35,124.23,126.4,119.53,120.41,121.62,140.93,104.42,137.42,133.86,123.53,136.1,127.54,129.05,133.01
119.07,110.52,124.54,121.62,105,109.8,121.3,95.657,104.14,101.18,103.93,119.43,110.62,120.08,116,120.68,112.47,114.21,118.3,96,11.662,94.472,108.87,97.81,102.81,112.8,98.062,116.02,101.66,100.05,119,115.61,117.2,114.6,122.65,117.31,122.25,124,121.95,128.47,114.52,114.19,111.21,126.06,116,121.26,111,107.09,130.25,114.33,116.48,111.59,142.89,137.54,132.72,141.97,131.77,141.62,136.69,141.24,122.8,119,115.61,121.62,124.01,117.02,113.35,118.64,115.81,160.01,158.31,124.71,157.23,121.14,107.49,153.57,133.42,140.6,152.65,153.13,148.87,135.01,132.01,130.05,146.89,126.01,125.44,125.23,117.2,120.02,120.27,137.01,102.17,133.6,130,125.78,131.73,123.84,124.66,128.29
123.24,114.76,128.01,124.93,109.1,105.62,124.99,100,108,105.65,108.38,123.14,113.77,123.54,119.12,123.96,115.08,116.42,120.87,92.828,94.472,12.166,109.8,93.606,105.23,112.36,95,114.19,98.246,98.544,114.76,111.63,113.32,111.19,118.6,114.04,118.64,120.46,118.86,124.93,111.19,110.62,107.72,122.25,112.09,117.66,107.12,104.42,127.74,110.1,112.2,107.26,139.65,134.27,129.56,138.51,128.33,138.05,133.17,137.52,121.11,117.8,115.06,119.73,121.38,115.5,112.47,116.08,114.04,160.52,159.12,123.3,157.68,120.23,111.4,154.29,134.55,141.42,152.97,153.07,149.48,137.1,134.1,132.43,148.31,128.12,126.5,127.85,120.46,122.14,122.98,141.09,105.23,137.63,134.05,126.06,135.97,127.8,128.9,132.64
129.05,121.26,138.09,136,118.02,114.08,134.18,110.88,104.56,111,111.21,111.95,102.04,110.62,105.23,109.92,99.849,99.055,104.04,112.63,108.87,109.8,30.529,109.42,98,97.211,106.64,104.87,107.09,102.53,121.26,116.31,116.68,111.84,122.28,112.85,118.64,119.53,115.24,142.8,129.96,128.95,126.36,139.4,129.4,135.62,124.89,124.06,147.2,126.06,127.64,122.89,157.98,152.61,148.18,156.31,146.36,155.55,150.93,154.51,140.91,137.51,134.41,139.52,140.8,135.28,132.01,135.61,133.84,178.64,176.73,143.08,175.91,139.82,121.02,172.08,151.68,159.08,171.39,171.99,167.47,151.98,149.03,146.57,164.73,143.15,143.85,141.35,132.05,137.3,136.39,146.3,119.12,143.45,140,144.59,139.77,134.91,133.32,135.19
126.8,118.28,131.59,128.48,112.67,102.04,128.59,103.45,110.22,108.87,111.47,125,115.18,125.13,120.41,125.36,115.96,116.93,121.62,95,97.81,93.606,109.42,15,106.28,110.81,92.828,111.59,95,97.071,111.21,108.03,109.72,107.72,115,110.62,115.08,116.93,115.5,123.84,110.59,109.7,107,120.81,110.62,116.57,105.81,104.87,127.8,108.03,110,105,138.85,133.46,128.91,137.43,127.34,136.84,132.06,136.1,122.02,119.15,116.93,120.48,121.4,116.63,114.17,116.25,115,162.8,161.59,124.41,159.92,121.76,115,156.71,137.27,143.94,155.15,155,151.85,140.25,137.27,135.71,151.13,131.3,129.2,131.23,124.01,125.36,126.4,144.67,108.79,141.22,137.63,128.33,139.5,131.4,132.43,136.1
121.32,113.35,130.11,128,110.02,114.74,126.22,103.42,97.211,103,103.34,109.24,99,109,104.14,109.1,99.849,101.4,105.65,107.89,102.81,105.23,98,106.28,24.083,104.56,104.04,111.1,106.12,101.18,123.24,118.64,119.53,115.24,125.36,117.02,122.8,124.06,120.41,140,126.4,125.74,122.89,137.07,126.88,132.72,122.02,119.53,142.84,124.23,126.12,121.14,154.85,149.46,144.78,153.6,143.45,153.06,148.24,152.37,135.61,131.77,128.21,134.41,136.53,129.82,126.07,131.18,128.6,171.39,169.31,137.51,168.71,133.84,113.02,164.73,144.23,151.74,164.3,165.17,160.21,144.13,141.2,138.66,157.05,135.35,136.52,133.42,124.06,129.56,128.47,138.85,111.54,135.88,132.38,137.71,132.49,127.11,125.85,128.08
135.88,127.85,144.45,142.15,124.13,111.54,140.64,116.08,111.54,117.29,117.89,118.6,109.1,116.93,111.63,115.94,106.4,104.76,109.31,115.06,112.8,112.36,97.211,110.81,104.56,34.176,108.03,98.062,106.97,103.89,117.07,112.09,112,107,117.17,107.26,112.8,113.41,108.79,142.15,130.36,129.05,126.8,138.37,128.83,135.22,124.83,125.61,148,124.99,126.24,121.91,157.42,152.13,148.01,155.37,145.76,154.41,150.03,153.07,142.8,139.93,137.41,141.22,141.62,137.43,134.78,136.69,135.8,182.7,181.09,145.22,179.89,142.48,127.12,176.33,156.22,163.38,175.23,175.43,171.6,157.36,154.38,152.13,169.62,148.42,148.24,147.04,138.04,142.47,142.04,153.32,124.23,150.41,146.92,148.31,146.86,141.66,140.33,142.33
127.01,118.43,132.54,129.56,113.02,102.21,129.36,103.6,108.68,108.44,110.81,123.06,113.02,123.02,118.16,123.14,113.54,114.35,119.12,97.28,98.062,95,106.64,92.828,104.04,108.03,17.117,109.24,93.606,94.243,111.4,107.69,109.21,106.55,114.76,109.31,114.19,115.94,114.04,126.4,113.32,112.36,109.72,123.24,113.09,119.15,108.38,107.69,130.61,110.22,112.09,107.12,141.48,136.1,131.59,139.98,129.92,139.34,134.6,138.51,124.83,121.91,119.55,123.3,124.21,119.41,116.83,119.07,117.8,165.29,163.98,127.2,162.42,124.48,115.55,159.12,139.5,146.29,157.68,157.62,154.29,142.09,139.09,137.38,153.29,133.1,131.44,132.76,125.11,127.12,127.85,145,109.92,141.61,138.01,130.8,139.58,131.88,132.52,135.97
142,133.66,149.67,147.07,129.29,107.69,146.04,120.41,118.3,122.89,124.01,126.62,116.91,124.99,119.68,124,114.41,112.83,117.31,116.48,116.02,114.19,104.87,111.59,111.1,98.062,109.24,36.346,106.76,106,110.88,106.16,105.52,100.77,110.02,100.05,105.13,105.52,100.77,138.92,128.6,127.01,125.23,134.82,126.07,132.43,122.8,125.34,146.22,121.83,122.65,119,154.03,148.9,145.17,151.61,142.5,150.46,146.4,148.83,142.35,140.16,138.38,140.61,140,137.42,135.54,135.49,135.62,184.37,183.17,145.01,181.48,142.92,132.2,178.29,158.73,165.5,176.68,176.38,173.43,161,158,156.07,172.49,152,150.67,151.2,142.77,146,146.22,159.78,128.12,156.71,153.16,149.91,153.53,147.58,146.8,149.17
130.61,122.02,136.1,133.08,116.63,98.944,132.94,107.2,111.54,111.93,114.21,125.36,115.08,125.06,120,125,115.08,115.5,120.41,100,101.66,98.246,107.09,95,106.12,106.97,93.606,106.76,20,95,108.03,104.14,105.62,103,111.21,105.81,110.59,112.36,110.62,125.78,113.43,112.2,109.85,122.31,112.36,118.65,108.03,108.87,131.04,108.97,110.62,105.81,141,135.65,131.34,139.24,129.36,138.47,133.86,137.43,126.06,123.54,121.62,124.41,124.66,120.89,118.79,119.73,119.15,167.62,166.49,128.59,164.73,126.25,119.15,161.59,142.24,148.86,159.92,159.64,156.71,145.23,142.24,140.64,156.12,136.27,134.18,136.1,128.63,130.31,131.23,148.6,113.41,145.22,141.61,133.17,143.15,135.49,136.1,139.5
127.74,119.15,134.27,131.48,114.17,103.6,130.85,104.87,107,108.6,110.52,120.41,110.1,120.07,115,120,110.1,110.62,115.5,101.18,100.05,98.544,102.53,97.071,101.18,103.89,94.243,106,95,20.616,112.36,108.03,109.21,105.62,115,108.03,113.43,115,112.36,130.31,117.46,116.42,113.85,127,116.93,123.11,112.36,111.93,134.82,113.77,115.5,110.62,145.46,140.09,135.65,143.85,133.86,143.14,138.47,142.2,129.05,126.06,123.54,127.54,128.42,123.6,120.89,123.3,122.02,169.06,167.62,131.4,166.22,128.59,116.93,162.8,142.95,149.91,161.51,161.59,158.01,145,142,140.09,156.61,136,134.91,135.28,127.11,130,130.31,145.76,112.2,142.48,138.88,134.6,140,132.94,133.01,136.1
148,139.5,152.13,148.83,133.86,99.22,149.41,124.66,129.36,129.82,132.2,142.2,131.76,141.42,136.1,140.99,130.79,130.31,135.28,115,119,114.76,121.26,111.21,123.24,117.07,111.4,110.88,108.03,112.36,33.541,95,95.385,100.2,95,101.18,99.434,101.18,104.14,121.06,115.18,113.19,113,116.63,110.62,116,110,116.48,130.85,106.28,105.81,105,135.34,130.61,127.74,132.43,124.41,131.04,127.54,129.05,130.31,130,130.31,128.33,125.44,127,127.34,122.39,125,175.15,175,133.29,172.15,133,136.1,170,152.8,158.18,167.16,165.66,165,158.01,155.15,154.26,166.79,149.46,145.11,150.42,144.38,143.85,145.9,165.82,129.41,162.35,158.77,142.24,160.71,152.48,153.64,157.27
144.67,136.1,149.54,146.36,130.61,96.325,146.6,121.24,124.99,126.07,128.29,137.43,127,136.57,131.23,136.1,125.9,125.36,130.31,112.36,115.61,111.63,116.31,108.03,118.64,112.09,107.69,106.16,104.14,108.03,95,31.623,92,95.385,97.071,97.071,98,100,101.18,124.06,116.25,114.35,113.54,119.73,112.36,118.3,110.62,116,132.94,107.89,108.03,105.81,138.8,133.86,130.61,136.1,127.54,134.82,131.04,133.01,131.23,130.31,130,129.29,127.16,127.34,127,123.53,125.36,175.59,175.15,134.15,172.61,133.29,133.01,170.16,152.2,158,167.65,166.49,165.17,156.71,153.79,152.64,166.24,147.97,144.33,148.52,141.88,142.2,143.85,162.62,126.72,159.2,155.6,142,157.27,149.41,150.21,153.64
146.22,137.63,151.29,148.14,132.2,98.246,148.31,122.8,126.06,127.48,129.62,138.1,127.7,137.13,131.76,136.57,126.4,125.69,130.61,114.17,117.2,113.32,116.68,109.72,119.53,112,109.21,105.52,105.62,109.21,95.385,92,33.526,95,95.831,95.831,96,98,99.434,125.61,118.16,116.25,115.5,121.24,114.17,120.02,112.56,118,134.72,109.7,109.72,107.72,140.21,135.34,132.2,137.42,129.05,136.1,132.43,134.2,133.17,132.3,132,131.23,129,129.32,129,125.44,127.34,177.57,177.14,136.1,174.59,135.28,134.65,172.15,154.2,160,169.63,168.45,167.16,158.66,155.73,154.56,168.23,149.91,146.32,150.41,143.67,144.12,145.71,164.2,128.47,160.8,157.2,144,158.77,151.03,151.72,155.07
143.25,134.65,149.09,146.08,129.45,98.544,145.9,120.02,122.02,124.21,126.12,133.46,123.11,132.38,127,131.76,121.62,120.81,125.69,112.56,114.6,111.19,111.84,107.72,115.24,107,106.55,100.77,103,105.62,100.2,95.385,95,32.388,100.44,93,97.81,99.434,98,128.9,119.97,118.18,116.93,124.66,116.63,122.8,114.17,118.44,137.17,112.2,112.67,109.72,143.81,138.8,135.34,141.22,132.43,140,136.1,138.26,134.6,133.17,132.3,132.72,131.18,130.26,129.32,127.16,128.33,178.28,177.57,137.43,175.33,136.1,132.06,172.61,154,160.18,170.41,169.56,167.65,157.74,154.78,153.35,168.01,148.86,146.01,148.94,141.62,142.95,144.12,161.28,126.4,157.96,154.35,144.23,155.6,148.31,148.6,151.72
151.72,143.15,156.37,153.13,137.63,103.04,153.51,128.29,131.88,133.14,135.34,143.85,133.46,142.81,137.43,142.2,132.06,131.23,136.1,119.15,122.65,118.6,122.28,115,125.36,117.17,114.76,110.02,111.21,115,95,97.071,95.831,100.44,38.079,100,95.831,97.071,101.18,125.36,120.15,118.16,118,120.89,115.5,120.68,115,121.4,135.54,111.21,110.62,110,139.2,134.65,132.06,136.1,128.59,134.6,131.4,132.43,135.28,135,135.28,133.29,130.26,132,132.3,127.34,130,180.14,180,138.26,177.14,138,140,175,157.74,163.17,172.15,170.62,170,162.8,159.92,158.95,171.74,154.2,150.02,155,148.67,148.52,150.42,169.65,133.57,166.22,162.62,147.22,164.33,156.4,157.27,160.71
145.76,137.17,151.85,148.87,132.06,101.4,148.6,122.65,123.97,126.62,128.42,134.72,124.48,133.46,128.08,132.72,122.7,121.62,126.4,115.5,117.31,114.04,112.85,110.62,117.02,107.26,109.31,100.05,105.81,108.03,101.18,97.071,95.831,93,100,35.355,95.831,97.071,95,131.11,122.7,120.87,119.73,126.8,119.15,125.23,116.93,121.4,139.74,114.7,115,112.36,145.87,140.93,137.63,143.15,134.6,141.86,138.1,140,137.43,136.1,135.28,135.54,133.83,133.17,132.3,129.92,131.23,181.24,180.55,140.29,178.28,139.03,134.72,175.59,157,163.17,173.36,172.46,170.62,160.71,157.74,156.29,171.01,151.81,149.01,151.85,144.42,145.9,147.01,163.78,129.22,160.49,156.89,147.22,158.01,150.9,151.03,154.03
151.03,142.43,156.64,153.56,137.17,104.14,153.53,127.74,129.7,132.01,133.93,140.54,130.31,139.24,133.86,138.47,128.48,127.34,132.06,119.73,122.25,118.64,118.64,115.08,122.8,112.8,114.19,105.13,110.59,113.43,99.434,98,96,97.81,95.831,95.831,39.294,92,95.385,130.5,123.96,122.02,121.4,126.06,119.73,125.34,118.44,124,140.16,115.3,115.08,113.54,144.67,140,137.17,141.66,133.83,140.21,136.86,138.1,139.03,138.26,138,137.07,134.6,135.28,135,131.23,133.29,183.54,183.13,141.97,180.55,141.24,139.74,178.14,160.18,166,175.59,174.34,173.15,164.53,161.59,160.34,174.21,155.73,152.29,156.1,149.09,149.91,151.35,169.06,133.86,165.72,162.11,150,163.41,156.04,156.4,159.53
152.68,144.08,158.45,155.39,138.88,106.12,155.3,129.45,131.04,133.6,135.45,141.48,131.34,140.09,134.72,139.24,129.36,128.08,132.72,121.62,124,120.46,119.53,116.93,124.06,113.41,115.94,105.52,112.36,115,101.18,100,98,99.434,97.071,97.071,92,41.231,95,132.19,125.9,123.96,123.38,127.74,121.62,127.16,120.41,126,142,117.2,116.93,115.5,146.22,141.61,138.88,143.15,135.49,141.66,138.41,139.5,140.99,140.25,140,139.03,136.49,137.27,137,133.17,135.28,185.52,185.13,143.94,182.54,143.24,141.48,180.14,162.17,168,177.57,176.31,175.15,166.49,163.55,162.28,176.21,157.68,154.28,158.01,150.93,151.85,153.25,170.71,135.69,167.39,163.78,152,165,157.74,158.01,161.06
150.03,141.48,156.48,153.57,136.52,106.28,153.16,127.16,127.54,130.82,132.44,137.17,127.2,135.65,130.31,134.72,124.99,123.54,128.08,120.41,121.95,118.86,115.24,115.5,120.41,108.79,114.04,100.77,110.62,112.36,104.14,101.18,99.434,98,101.18,95,95.385,95,40.311,135,127.34,125.47,124.48,130.61,123.54,129.45,121.62,126.35,144.12,119.07,119.15,116.93,149.46,144.67,141.61,146.57,138.41,145.17,141.66,143.15,142.2,140.99,140.25,140.29,138.33,138.05,137.27,134.6,136.1,186.18,185.52,145.08,183.21,143.94,139.24,180.55,162,168.16,178.28,177.32,175.59,165.66,162.69,161.2,176.01,156.75,154.01,156.71,149.14,150.83,151.85,168.03,133.97,164.79,161.2,152.2,162.11,155.3,155.19,158.01
149.2,142.77,147.25,143.67,137.38,121.24,146.46,132.05,142.61,138.01,141.01,157.9,148.69,158.45,154.03,158.88,149.77,150.75,155.46,122.56,128.47,124.93,142.8,123.84,140,142.15,126.4,138.92,125.78,130.31,121.06,124.06,125.61,128.9,125.36,131.11,130.5,132.19,135,32.249,104.04,104.32,107.26,94.472,103.42,97.28,108.03,112,102.17,107.2,106.28,110.25,105.26,100,96.708,103.6,93.606,103.15,98.246,103.04,108.44,112.02,116.08,106.97,100.63,110.25,114.6,103.42,109.24,150.21,151.4,110.81,147.27,114.04,137.85,146.61,135,137.41,142.39,139.5,141.87,143.76,141.62,142.5,147.31,137.63,129.6,141.04,140.16,134.1,138.37,163.82,130.45,160.26,157.23,124.06,161.17,151.1,154.85,159.64
136.24,129.29,135.8,132.2,123.73,111.47,134.42,118.02,128.64,124,127,143.94,134.92,144.57,140.29,145.08,136.24,137.42,142,108.68,114.52,111.19,129.96,110.59,126.4,130.36,113.32,128.6,113.43,117.46,115.18,116.25,118.16,119.97,120.15,122.7,123.96,125.9,127.34,104.04,18.682,92,93.606,102.37,95.385,97.071,95.831,98.062,107.69,99,100.2,100.44,118.46,113.09,108.38,117.46,107.26,117.17,112.2,117,105.13,105.3,107,103.15,101.4,102.37,104.42,97.28,100.44,150.03,150.07,108.11,147.04,108.25,124.48,145.08,129.22,133.74,142.04,140.49,140.09,136.14,133.57,133.6,142.89,128.6,122.2,131.04,128.28,123.97,127.54,151.91,116.93,148.31,145.07,118.16,148.6,138.76,142,146.65
137.01,129.85,137.01,133.42,124.21,109.72,135.49,118.02,128.33,124.06,127.05,143.6,134.38,144.13,139.73,144.57,135.54,136.62,141.26,108.25,114.19,110.62,128.95,109.7,125.74,129.05,112.36,127.01,112.2,116.42,113.19,114.35,116.25,118.18,118.16,120.87,122.02,123.96,125.47,104.32,92,19.313,93,102.04,93.606,97.071,94.243,98.544,109.21,97,98.246,98.544,119.15,113.77,109.24,117.89,107.72,117.46,112.56,117.07,107.12,107.26,108.79,105.13,103.04,104.32,106.12,99.22,102.37,152.03,152.07,110.1,149.03,110.22,125.11,147.08,131.11,135.71,144.04,142.47,142.09,137.89,135.28,135.22,144.82,130.22,124.01,132.52,129.41,125.47,128.9,152.97,117.51,149.36,146.08,120.08,149.48,139.74,142.8,147.38
134.28,127,134.69,131.11,121.32,108.38,133.01,115.02,125.36,121.06,124.06,140.64,131.48,141.2,136.84,141.66,132.72,133.86,138.47,105.3,111.21,107.72,126.36,107,122.89,126.8,109.72,125.23,109.85,113.85,113,113.54,115.5,116.93,118,119.73,121.4,123.38,124.48,107.26,93.606,93,16.553,105.03,95.831,100.05,93,95.831,111.21,97.616,99.434,98,121.95,116.57,111.93,120.81,110.62,120.41,115.5,120.07,107.72,107,107.72,105.81,104.87,104,104.87,100.3,102,152.2,152,110.62,149.21,110,122.31,147,130.26,135.28,144.23,142.95,142,136.52,133.83,133.57,144.13,128.59,122.89,130.61,127.01,123.6,126.8,150.46,114.7,146.86,143.54,119.43,146.82,137.17,140.09,144.63
148.52,141.66,147.45,143.85,136.1,117.2,146.36,130.05,140.16,136.1,139.09,155.38,145.9,155.76,151.19,156.1,146.75,147.57,152.36,120.07,126.06,122.25,139.4,120.81,137.07,138.37,123.24,134.82,122.31,127,116.63,119.73,121.24,124.66,120.89,126.8,126.06,127.74,130.61,94.472,102.37,102.04,105.03,31.048,100.2,95.385,105.13,110.4,106,103.42,102.21,106.55,109.21,104.14,101.18,107,97.81,106.16,101.66,105.3,110.59,113.43,116.91,108.87,103,111.21,115,104.14,109.85,153.79,154.76,113.26,150.83,115.81,136.84,149.91,137.17,140.16,145.9,143.24,145.08,145.44,143.15,143.74,149.93,138.8,131.23,141.86,140.12,134.82,138.83,163.82,129.29,160.24,157.08,126.06,160.77,150.84,154.26,158.95
140.09,132.72,140.45,136.86,127,108.44,138.83,120.27,130.05,126.35,129.32,145.23,135.71,145.58,140.99,145.9,136.57,137.43,142.2,110,116,112.09,129.4,110.62,126.88,128.83,113.09,126.07,112.36,116.93,110.62,112.36,114.17,116.63,115.5,119.15,119.73,121.62,123.54,103.42,95.385,93.606,95.831,100.2,22.361,96.403,95,101.66,110.59,94.472,95,97.071,118.65,113.32,109.21,116.93,107,116.25,111.54,115.5,110,110.62,112.36,108,104.87,107.72,109.72,102,105.81,155,155.19,113,152,113.54,128.08,150.21,134.6,139.03,147,145.23,145.23,141.48,138.88,138.83,148.24,133.83,127.58,136.1,132.8,129.05,132.43,156.29,120.46,152.68,149.36,123.53,152.65,143,145.9,150.42
143.14,136.32,142.15,138.55,130.79,114.76,141,125,135.4,131.01,134.01,150.67,141.42,151.19,146.75,151.61,142.5,143.49,148.19,115.32,121.26,117.66,135.62,116.57,132.72,135.22,119.15,132.43,118.65,123.11,116,118.3,120.02,122.8,120.68,125.23,125.34,127.16,129.45,97.28,97.071,97.071,100.05,95.385,96.403,25.71,100.77,105.13,104.87,100.63,100.3,103.45,112.36,107,102.81,110.88,100.77,110.4,105.52,110.02,106.76,108.87,111.93,104.87,100,106.4,109.85,99.434,104.87,151.2,151.81,109.65,148.22,111.47,131.48,146.89,132.94,136.49,143.24,141,141.97,140.8,138.41,138.84,146.08,133.86,126.62,136.75,134.78,129.7,133.6,158.48,123.96,154.88,151.72,121.76,155.39,145.46,148.87,153.57
135.65,128.08,136.69,133.14,122.31,105.65,134.82,115.32,125.06,121.4,124.37,140.25,130.79,140.64,136.1,140.99,131.76,132.72,137.43,105,111,107.12,124.89,105.81,122.02,124.83,108.38,122.8,108.03,112.36,110,110.62,112.56,114.17,115,116.93,118.44,120.41,121.62,108.03,95.831,94.243,93,105.13,95,100.77,18.028,97.81,113.43,95,97.071,95,123.11,117.73,113.32,121.62,111.54,121.05,116.25,120.41,110.62,110,110.62,108.68,107.2,107,107.72,103,105,155.19,155,113.54,152.2,113,123.54,150,133.17,138.26,147.22,145.9,145,139.24,136.52,136.14,147.07,131.18,125.74,133.01,128.95,126.06,129.05,152.2,115.94,148.6,145.22,122.39,148.31,138.83,141.48,145.9
128.48,121.32,128.95,125.38,115.71,110.1,127.2,110.1,121.05,116.02,119.02,136.32,127.7,137.13,133.08,137.76,129.36,130.82,135.18,101.66,107.09,104.42,124.06,104.87,119.53,125.61,107.69,125.34,108.87,111.93,116.48,116,118,118.44,121.4,121.4,124,126,126.35,112,98.062,98.544,95.831,110.4,101.66,105.13,97.81,10.77,113.32,102.81,104.87,102.08,125.9,120.59,115.71,125.23,115.08,125.06,120.07,125.01,107.2,104.87,104,105.62,107,102.08,101,101.66,100.3,149.84,149.21,109.72,146.89,107.72,116.57,144.23,126.35,132,141.97,141.24,139.25,131.79,129,128.47,140.36,123.54,118.64,125.23,121.24,118.3,121.24,144.64,108.97,141.04,137.71,116,141,131.34,134.28,138.85
145.15,140.09,140.96,137.54,135.4,128.83,140.99,132.38,143.85,137.8,140.7,158.95,150.84,160.01,156.21,160.77,152.65,154.14,158.48,124.99,130.25,127.74,147.2,127.8,142.84,148,130.61,146.22,131.04,134.82,130.85,132.94,134.72,137.17,135.54,139.74,140.16,142,144.12,102.17,107.69,109.21,111.21,106,110.59,104.87,113.43,113.32,31.048,115.06,115.08,117.46,105.52,101.66,97.81,107,101.18,108.03,104.14,109.85,100.2,105.13,110.1,100,96.403,105.03,110.02,101.66,105.3,138.05,139.34,101.18,135.12,105.81,135.1,134.6,124.66,126.06,130.26,127.34,129.92,134.2,132.44,133.91,136.04,129.36,120.53,133.46,134.72,127,131.76,157.72,128.47,154.29,151.61,114.41,156.1,145.9,150.41,155.38
140.25,132.49,141.62,138.08,126.67,104.14,139.68,119.12,128.05,125.17,128.08,143.01,133.19,143.15,138.37,143.34,133.74,134.38,139.24,108.44,114.33,110.1,126.06,108.03,124.23,124.99,110.22,121.83,108.97,113.77,106.28,107.89,109.7,112.2,111.21,114.7,115.3,117.2,119.07,107.2,99,97,97.616,103.42,94.472,100.63,95,102.81,115.06,22.804,92.236,93.162,122.45,117.2,113.35,120.41,110.81,119.55,115.06,118.46,114.08,114.19,115.3,112.09,109.31,111.21,112.47,106.12,109.24,159.03,159.07,117.07,156.03,117.17,128.08,154.07,137.8,142.61,151.03,149.41,149.08,144.13,141.43,141.11,151.61,136.14,130.5,138.01,133.86,131.05,134.05,157.01,120.53,153.41,150,126.88,152.97,143.6,146.08,150.42
142.48,134.72,143.76,140.21,128.91,105,141.86,121.32,130.11,127.36,130.26,145,135.1,145.08,140.25,145.23,135.54,136.1,140.99,110.62,116.48,112.2,127.64,110,126.12,126.24,112.09,122.65,110.62,115.5,105.81,108.03,109.72,112.67,110.62,115,115.08,116.93,119.15,106.28,100.2,98.246,99.434,102.21,95,100.3,97.071,104.87,115.08,92.236,25,95,121.4,116.25,112.67,119.15,109.85,118.18,113.85,116.93,115,115.5,116.93,113,109.65,112.56,114.17,107,110.62,160,160.18,118,157,118.44,130.31,155.19,139.34,143.94,152,150.21,150.21,145.9,143.24,143,153.06,138.02,132.15,140,136.01,133.01,136.1,159.2,122.76,155.6,152.2,128.33,155.19,145.8,148.31,152.65
138.26,130.31,140.25,136.75,124.48,101.4,138.1,116.57,125.13,122.57,125.44,140,130.11,140.09,135.28,140.25,130.61,131.23,136.1,105.81,111.59,107.26,122.89,105,121.14,121.91,107.12,119,105.81,110.62,105,105.81,107.72,109.72,110,112.36,113.54,115.5,116.93,110.25,100.44,98.544,98,106.55,97.071,103.45,95,102.08,117.46,93.162,95,21.213,125.51,120.23,116.25,123.54,113.85,122.7,118.18,121.62,115.5,115,115.5,113.54,111.47,112,112.56,107.72,110,160.18,160,118.44,157.19,118,126.06,155,138.05,143.24,152.2,150.83,150,143.85,141.08,140.54,151.98,135.62,130.52,137.17,132.45,130.31,133.01,155.3,118.6,151.72,148.26,127.34,151.03,141.86,144.08,148.31
160.46,155.01,156.48,153.06,150.03,136.4,156.49,145.9,156.94,151.66,154.63,172.23,163.38,172.97,168.75,173.52,164.67,165.77,170.41,137.13,142.89,139.65,157.98,138.85,154.85,157.42,141.48,154.03,141,145.46,135.34,138.8,140.21,143.81,139.2,145.87,144.67,146.22,149.46,105.26,118.46,119.15,121.95,109.21,118.65,112.36,123.11,125.9,105.52,122.45,121.4,125.51,45.177,95.385,100.2,94,101.66,96,97.81,99,115.71,120.59,125.51,115.32,110,120.15,125.13,115.08,120.02,146.8,149.17,116.57,144.12,121.32,150.01,144.92,138.83,138.8,139.74,135.62,140.8,148.83,147.31,149.03,148.69,144.63,135.62,148.87,150.21,142.5,147.28,173.24,143.04,169.81,167.13,129.36,171.58,161.39,165.8,170.75
155.76,150.07,152.3,148.82,145,131.23,152.1,140.64,151.61,146.44,149.41,166.9,158.01,167.62,163.38,168.16,159.29,160.38,165.03,131.76,137.54,134.27,152.61,133.46,149.46,152.13,136.1,148.9,135.65,140.09,130.61,133.86,135.34,138.8,134.65,140.93,140,141.61,144.67,100,113.09,113.77,116.57,104.14,113.32,107,117.73,120.59,101.66,117.2,116.25,120.23,95.385,40.05,95,95.385,96.403,96.403,94,98.602,111.54,116.25,121.05,110.88,105.13,115.5,120.41,110,115.18,146.65,148.6,112.83,143.85,117.31,145.08,144.12,136.1,136.86,139.24,135.54,139.74,145.8,144.08,145.57,146.85,141,132.19,145.04,145.79,138.47,143.14,169.06,138,165.58,162.8,126.06,167.13,156.94,161.2,166.12
150.83,145.08,147.58,144.08,140,127.48,147.28,135.71,146.75,141.48,144.45,162.03,153.25,162.8,158.62,163.38,154.62,155.8,160.38,127,132.72,129.56,148.18,128.91,144.78,148.01,131.59,145.17,131.34,135.65,127.74,130.61,132.2,135.34,132.06,137.63,137.17,138.88,141.61,96.708,108.38,109.24,111.93,101.18,109.21,102.81,113.32,115.71,97.81,113.35,112.67,116.25,100.2,95,35.057,100.2,94,100.77,96.403,102.21,107,111.54,116.25,106.16,100.2,110.62,115.5,105,110.22,145.08,146.65,108.6,142.2,112.83,140.09,142,132.43,133.83,137.43,134.15,137.42,141.86,140,141.31,143.82,136.65,128.01,140.54,140.96,133.86,138.47,164.33,133,160.84,158.01,122.02,162.28,152.1,156.29,161.2
161.02,155.19,157.68,154.2,150.03,134.1,157.45,145.33,156.1,151.2,154.2,171.39,162.28,172,167.62,172.46,163.38,164.33,169.06,136.1,141.97,138.51,156.31,137.43,153.6,155.37,139.98,151.61,139.24,143.85,132.43,136.1,137.42,141.22,136.1,143.15,141.66,143.15,146.57,103.6,117.46,117.89,120.81,107,116.93,110.88,121.62,125.23,107,120.41,119.15,123.54,94,95.385,100.2,45,100.2,92,95.385,95,116.93,121.62,126.4,116.25,110.4,120.81,125.69,115.08,120.41,150.42,152.65,118.18,147.7,122.7,150.21,148.31,141.22,141.66,143.24,139.24,144.08,151.03,149.36,150.9,151.62,146.36,137.51,150.42,151.13,143.85,148.52,174.43,143.04,170.96,168.16,131.34,172.46,162.28,166.49,171.39
151.61,145.44,149.09,145.54,140.16,124.83,148.52,135.18,145.9,141.09,144.08,161.2,152.1,161.81,157.45,162.28,153.25,154.26,158.95,125.9,131.77,128.33,146.36,127.34,143.45,145.76,129.92,142.5,129.36,133.86,124.41,127.54,129.05,132.43,128.59,134.6,133.83,135.49,138.41,93.606,107.26,107.72,110.62,97.81,107,100.77,111.54,115.08,101.18,110.81,109.85,113.85,101.66,96.403,94,100.2,35.057,100,95,100.44,109.21,113.32,117.73,108.03,101.66,111.93,116.57,105.52,111.19,148.94,150.41,111.21,146.04,115,140.49,145.71,135.34,137.17,141.24,138.05,141.08,144.49,142.5,143.6,147.14,138.83,130.46,142.48,142.2,135.65,140.09,165.77,133.19,162.24,159.29,124.66,163.38,153.25,157.19,162.03
161.39,155.38,158.35,154.85,150.13,133.05,158.01,145.15,155.76,151.07,154.07,171.05,161.81,171.58,167.13,172,162.8,163.68,168.45,135.71,141.62,138.05,155.55,136.84,153.06,154.41,139.34,150.46,138.47,143.14,131.04,134.82,136.1,140,134.6,141.86,140.21,141.66,145.17,103.15,117.17,117.46,120.41,106.16,116.25,110.4,121.05,125.06,108.03,119.55,118.18,122.7,96,96.403,100.77,92,100,45.044,95,93,117.73,122.31,127,116.93,110.88,121.32,126.14,115.32,120.81,152.24,154.41,119.15,149.51,123.54,150.41,150.03,142.5,143.15,145.01,141.08,145.76,152.2,150.46,151.91,153.13,147.31,138.55,151.27,151.68,144.63,149.24,175.09,143.15,171.6,168.75,132.44,172.97,162.8,166.9,171.79
156.49,150.41,153.69,150.17,145.15,128.83,153.25,140.16,150.83,146.08,149.08,166.12,156.94,166.69,162.28,167.13,158.01,158.95,163.68,130.79,136.69,133.17,150.93,132.06,148.24,150.03,134.6,146.4,133.86,138.47,127.54,131.04,132.43,136.1,131.4,138.1,136.86,138.41,141.66,98.246,112.2,112.56,115.5,101.66,111.54,105.52,116.25,120.07,104.14,115.06,113.85,118.18,97.81,94,96.403,95.385,95,95,40.05,95.831,113.32,117.73,122.31,112.36,106.16,116.57,121.32,110.4,115.96,150.41,152.24,115,147.58,119.15,145.44,147.7,138.8,140,142.92,139.34,143.24,148.26,146.4,147.69,150,143,134.41,146.82,146.92,140.09,144.63,170.41,138.17,166.9,164,128.42,168.16,158.01,162.03,166.9
162.03,155.76,159.46,155.92,150.41,131.59,158.95,145.01,155.38,151,154,170.62,161.2,171.05,166.49,171.39,162.03,162.8,167.62,135.28,141.24,137.52,154.51,136.1,152.37,153.07,138.51,148.83,137.43,142.2,129.05,133.01,134.2,138.26,132.43,140,138.1,139.5,143.15,103.04,117,117.07,120.07,105.3,115.5,110.02,120.41,125.01,109.85,118.46,116.93,121.62,99,98.602,102.21,95,100.44,93,95.831,45.277,119.15,123.54,128.08,118.18,111.93,122.31,127,115.96,121.62,155,157.08,120.81,152.24,124.99,150.83,152.65,144.49,145.44,147.7,143.85,148.31,154.03,152.2,153.51,155.44,148.83,140.22,152.65,152.63,145.9,150.42,176.16,143.46,172.64,169.71,134.2,173.82,163.68,167.62,172.46
