Date: 07-04 at 08:53:35, iter: 1, fix: false, local: false, cut car: true, new generate: true, Khoo: 1134.91 best obj: 1732.59(7) mean: 4116.17, max: 5089.01
Date: 07-04 at 08:54:53, iter: 2, fix: false, local: false, cut car: true, new generate: true, Khoo: 1134.91 best obj: 1565.46(6) mean: 3555.12, max: 4752.04
Date: 07-04 at 08:56:09, iter: 3, fix: false, local: false, cut car: true, new generate: true, Khoo: 1134.91 best obj: 1552.77(6) mean: 1758.24, max: 1928.57
Date: 07-04 at 08:57:11, iter: 4, fix: false, local: false, cut car: true, new generate: true, Khoo: 1134.91 best obj: 1550.30(6) mean: 1813.07, max: 2111.92
Date: 07-04 at 08:58:08, iter: 5, fix: false, local: false, cut car: true, new generate: true, Khoo: 1134.91 best obj: 1541.45(6) mean: 1883.04, max: 2232.32
Date: 07-04 at 08:59:10, iter: 6, fix: false, local: false, cut car: true, new generate: true, Khoo: 1134.91 best obj: 1541.45(6) mean: 1735.02, max: 1989.04
Date: 07-04 at 09:00:19, iter: 7, fix: false, local: false, cut car: true, new generate: true, Khoo: 1134.91 best obj: 1541.45(6) mean: 1640.11, max: 1726.48
Date: 07-04 at 09:01:26, iter: 8, fix: false, local: false, cut car: true, new generate: true, Khoo: 1134.91 best obj: 1541.45(6) mean: 1608.97, max: 1682.07
Date: 07-04 at 09:02:24, iter: 9, fix: false, local: false, cut car: true, new generate: true, Khoo: 1134.91 best obj: 1541.45(6) mean: 1688.50, max: 1796.37
Date: 07-04 at 09:03:25, iter: 11, fix: false, local: false, cut car: true, new generate: true, Khoo: 1134.91 best obj: 1541.45(6) mean: 1866.07, max: 2083.33
Date: 07-04 at 09:04:21, iter: 12, fix: false, local: false, cut car: true, new generate: true, Khoo: 1134.91 best obj: 1541.45(6) mean: 1777.68, max: 2096.29
Date: 07-04 at 09:05:16, iter: 13, fix: false, local: false, cut car: true, new generate: true, Khoo: 1134.91 best obj: 1541.45(6) mean: 1599.46, max: 1706.84
Date: 07-04 at 09:06:19, iter: 14, fix: false, local: false, cut car: true, new generate: true, Khoo: 1134.91 best obj: 1525.81(8) mean: 1589.38, max: 1747.36
Date: 07-04 at 09:07:27, iter: 15, fix: false, local: false, cut car: true, new generate: true, Khoo: 1134.91 best obj: 1500.42(8) mean: 1615.58, max: 1769.46
Date: 07-04 at 09:08:33, iter: 16, fix: false, local: false, cut car: true, new generate: true, Khoo: 1134.91 best obj: 1469.25(8) mean: 1635.68, max: 1771.80
Date: 07-04 at 09:09:42, iter: 17, fix: false, local: false, cut car: true, new generate: true, Khoo: 1134.91 best obj: 1463.91(8) mean: 1686.95, max: 1823.88
Date: 07-04 at 09:10:58, iter: 18, fix: false, local: false, cut car: true, new generate: true, Khoo: 1134.91 best obj: 1463.91(8) mean: 1674.50, max: 1837.56
Date: 07-04 at 09:12:10, iter: 19, fix: false, local: false, cut car: true, new generate: true, Khoo: 1134.91 best obj: 1463.91(8) mean: 1597.38, max: 1709.41
Date: 07-04 at 09:13:08, iter: 20, fix: false, local: false, cut car: true, new generate: true, Khoo: 1134.91 best obj: 1463.91(8) mean: 1552.26, max: 1680.49
Date: 07-04 at 09:14:26, iter: 21, fix: false, local: false, cut car: true, new generate: true, Khoo: 1134.91 best obj: 1461.87(9) mean: 1521.04, max: 1658.58
Date: 07-04 at 09:15:24, iter: 22, fix: false, local: false, cut car: true, new generate: true, Khoo: 1134.91 best obj: 1448.29(8) mean: 1542.72, max: 1657.48
Date: 07-04 at 09:16:37, iter: 23, fix: false, local: false, cut car: true, new generate: true, Khoo: 1134.91 best obj: 1448.29(8) mean: 1512.30, max: 1686.57
Date: 07-04 at 09:17:41, iter: 24, fix: false, local: false, cut car: true, new generate: true, Khoo: 1134.91 best obj: 1448.29(8) mean: 1510.86, max: 1590.90
Date: 07-04 at 09:18:53, iter: 25, fix: false, local: false, cut car: true, new generate: true, Khoo: 1134.91 best obj: 1448.29(8) mean: 1562.18, max: 1664.52
Date: 07-04 at 09:20:07, iter: 26, fix: false, local: false, cut car: true, new generate: true, Khoo: 1134.91 best obj: 1447.96(8) mean: 1483.44, max: 1603.59
Date: 07-04 at 09:21:13, iter: 27, fix: false, local: false, cut car: true, new generate: true, Khoo: 1134.91 best obj: 1447.91(8) mean: 1489.72, max: 1544.47
Date: 07-04 at 09:22:30, iter: 28, fix: false, local: false, cut car: true, new generate: true, Khoo: 1134.91 best obj: 1447.91(8) mean: 1466.69, max: 1501.22
Date: 07-04 at 09:23:40, iter: 29, fix: false, local: false, cut car: true, new generate: true, Khoo: 1134.91 best obj: 1447.91(8) mean: 1508.08, max: 1582.09
Date: 07-04 at 09:24:47, iter: 30, fix: false, local: false, cut car: true, new generate: true, Khoo: 1134.91 best obj: 1447.91(8) mean: 1464.91, max: 1510.07
Date: 07-04 at 09:25:58, iter: 31, fix: false, local: false, cut car: true, new generate: true, Khoo: 1134.91 best obj: 1447.91(8) mean: 1465.41, max: 1551.78
Date: 07-04 at 09:26:54, iter: 33, fix: false, local: false, cut car: true, new generate: true, Khoo: 1134.91 best obj: 1447.91(8) mean: 1769.64, max: 1995.62
Date: 07-04 at 09:28:00, iter: 34, fix: false, local: false, cut car: true, new generate: true, Khoo: 1134.91 best obj: 1447.91(8) mean: 1612.68, max: 1849.77
Date: 07-04 at 09:29:09, iter: 35, fix: false, local: false, cut car: true, new generate: true, Khoo: 1134.91 best obj: 1447.91(8) mean: 1534.28, max: 1803.02
Date: 07-04 at 09:30:21, iter: 36, fix: false, local: false, cut car: true, new generate: true, Khoo: 1134.91 best obj: 1447.91(8) mean: 1503.08, max: 1629.10
Date: 07-04 at 09:31:31, iter: 38, fix: false, local: false, cut car: true, new generate: true, Khoo: 1134.91 best obj: 1447.91(8) mean: 1749.68, max: 2053.39
Date: 07-04 at 09:32:35, iter: 39, fix: false, local: false, cut car: true, new generate: true, Khoo: 1134.91 best obj: 1447.91(8) mean: 1594.53, max: 1921.76
Date: 07-04 at 09:33:45, iter: 40, fix: false, local: false, cut car: true, new generate: true, Khoo: 1134.91 best obj: 1447.91(8) mean: 1503.65, max: 1598.96
Date: 07-04 at 09:34:59, iter: 41, fix: false, local: false, cut car: true, new generate: true, Khoo: 1134.91 best obj: 1447.91(8) mean: 1523.00, max: 1615.96
Date: 07-04 at 09:36:10, iter: 43, fix: false, local: false, cut car: true, new generate: true, Khoo: 1134.91 best obj: 1438.52(11) mean: 1755.07, max: 2115.51
Date: 07-04 at 09:37:17, iter: 44, fix: false, local: false, cut car: true, new generate: true, Khoo: 1134.91 best obj: 1421.31(11) mean: 1559.46, max: 1834.74
Date: 07-04 at 09:38:09, iter: 45, fix: false, local: false, cut car: true, new generate: true, Khoo: 1134.91 best obj: 1421.31(11) mean: 1547.69, max: 1761.58
Date: 07-04 at 09:39:24, iter: 46, fix: false, local: false, cut car: true, new generate: true, Khoo: 1134.91 best obj: 1421.31(11) mean: 1543.26, max: 1745.09
Date: 07-04 at 09:40:34, iter: 47, fix: false, local: false, cut car: true, new generate: true, Khoo: 1134.91 best obj: 1421.31(11) mean: 1568.50, max: 1669.48
Date: 07-04 at 09:41:53, iter: 48, fix: false, local: false, cut car: true, new generate: true, Khoo: 1134.91 best obj: 1421.31(11) mean: 1610.72, max: 1710.32
Date: 07-04 at 09:42:56, iter: 50, fix: false, local: false, cut car: true, new generate: true, Khoo: 1134.91 best obj: 1397.89(10) mean: 1794.32, max: 2049.01
Date: 07-04 at 09:44:00, iter: 51, fix: false, local: false, cut car: true, new generate: true, Khoo: 1134.91 best obj: 1387.78(10) mean: 1708.91, max: 2101.13
Date: 07-04 at 09:45:09, iter: 52, fix: false, local: false, cut car: true, new generate: true, Khoo: 1134.91 best obj: 1387.78(10) mean: 1481.63, max: 1580.10
Date: 07-04 at 09:46:20, iter: 53, fix: false, local: false, cut car: true, new generate: true, Khoo: 1134.91 best obj: 1379.36(9) mean: 1462.02, max: 1572.71
Date: 07-04 at 09:47:35, iter: 54, fix: false, local: false, cut car: true, new generate: true, Khoo: 1134.91 best obj: 1379.36(9) mean: 1490.39, max: 1608.13
Date: 07-04 at 09:48:48, iter: 55, fix: false, local: false, cut car: true, new generate: true, Khoo: 1134.91 best obj: 1379.36(9) mean: 1517.65, max: 1601.42
Date: 07-04 at 09:49:59, iter: 56, fix: false, local: false, cut car: true, new generate: true, Khoo: 1134.91 best obj: 1351.40(10) mean: 1501.05, max: 1621.86
Date: 07-04 at 09:51:13, iter: 57, fix: false, local: false, cut car: true, new generate: true, Khoo: 1134.91 best obj: 1344.25(10) mean: 1450.23, max: 1589.88
Date: 07-04 at 09:52:27, iter: 58, fix: false, local: false, cut car: true, new generate: true, Khoo: 1134.91 best obj: 1344.25(10) mean: 1429.16, max: 1506.49
Date: 07-04 at 09:53:49, iter: 59, fix: false, local: false, cut car: true, new generate: true, Khoo: 1134.91 best obj: 1342.89(10) mean: 1393.92, max: 1461.41
Date: 07-04 at 09:55:05, iter: 60, fix: false, local: false, cut car: true, new generate: true, Khoo: 1134.91 best obj: 1332.83(10) mean: 1407.88, max: 1496.73
Date: 07-04 at 09:56:00, iter: 61, fix: false, local: false, cut car: true, new generate: true, Khoo: 1134.91 best obj: 1332.83(10) mean: 1400.12, max: 1461.99
Date: 07-04 at 09:57:07, iter: 62, fix: false, local: false, cut car: true, new generate: true, Khoo: 1134.91 best obj: 1332.83(10) mean: 1381.70, max: 1459.21
Date: 07-04 at 09:58:30, iter: 63, fix: false, local: false, cut car: true, new generate: true, Khoo: 1134.91 best obj: 1332.83(10) mean: 1400.18, max: 1496.15
Date: 07-04 at 09:59:32, iter: 64, fix: false, local: false, cut car: true, new generate: true, Khoo: 1134.91 best obj: 1332.83(10) mean: 1380.58, max: 1427.67
Date: 07-04 at 10:00:53, iter: 66, fix: false, local: false, cut car: true, new generate: true, Khoo: 1134.91 best obj: 1332.83(10) mean: 1608.62, max: 1905.58
Date: 07-04 at 10:01:53, iter: 67, fix: false, local: false, cut car: true, new generate: true, Khoo: 1134.91 best obj: 1332.83(10) mean: 1428.31, max: 1622.58
Date: 07-04 at 10:03:03, iter: 68, fix: false, local: false, cut car: true, new generate: true, Khoo: 1134.91 best obj: 1320.17(10) mean: 1455.09, max: 1637.08
Date: 07-04 at 10:04:10, iter: 69, fix: false, local: false, cut car: true, new generate: true, Khoo: 1134.91 best obj: 1320.17(10) mean: 1418.93, max: 1546.66
Date: 07-04 at 10:05:23, iter: 70, fix: false, local: false, cut car: true, new generate: true, Khoo: 1134.91 best obj: 1320.17(10) mean: 1394.69, max: 1465.12
Date: 07-04 at 10:06:40, iter: 71, fix: false, local: false, cut car: true, new generate: true, Khoo: 1134.91 best obj: 1320.17(10) mean: 1363.93, max: 1438.08
Date: 07-04 at 10:07:55, iter: 72, fix: false, local: false, cut car: true, new generate: true, Khoo: 1134.91 best obj: 1320.17(10) mean: 1377.34, max: 1437.33
Date: 07-04 at 10:09:07, iter: 74, fix: false, local: false, cut car: true, new generate: true, Khoo: 1134.91 best obj: 1320.17(10) mean: 1604.79, max: 2481.02
Date: 07-04 at 10:10:07, iter: 75, fix: false, local: false, cut car: true, new generate: true, Khoo: 1134.91 best obj: 1320.17(10) mean: 1401.21, max: 1480.93
Date: 07-04 at 10:11:13, iter: 76, fix: false, local: false, cut car: true, new generate: true, Khoo: 1134.91 best obj: 1316.37(10) mean: 1398.67, max: 1487.40
Date: 07-04 at 10:12:15, iter: 77, fix: false, local: false, cut car: true, new generate: true, Khoo: 1134.91 best obj: 1312.11(9) mean: 1418.47, max: 1491.42
Date: 07-04 at 10:13:22, iter: 78, fix: false, local: false, cut car: true, new generate: true, Khoo: 1134.91 best obj: 1311.35(9) mean: 1347.41, max: 1453.38
Date: 07-04 at 10:14:44, iter: 79, fix: false, local: false, cut car: true, new generate: true, Khoo: 1134.91 best obj: 1311.35(9) mean: 1376.12, max: 1498.02
Date: 07-04 at 10:15:50, iter: 80, fix: false, local: false, cut car: true, new generate: true, Khoo: 1134.91 best obj: 1311.35(9) mean: 1344.61, max: 1370.35
Date: 07-04 at 10:17:03, iter: 81, fix: false, local: false, cut car: true, new generate: true, Khoo: 1134.91 best obj: 1311.35(9) mean: 1342.74, max: 1427.74
Date: 07-04 at 10:18:13, iter: 82, fix: false, local: false, cut car: true, new generate: true, Khoo: 1134.91 best obj: 1311.35(9) mean: 1362.48, max: 1444.10
Date: 07-04 at 10:19:21, iter: 84, fix: false, local: false, cut car: true, new generate: true, Khoo: 1134.91 best obj: 1311.35(9) mean: 1626.99, max: 2052.80
Date: 07-04 at 10:20:25, iter: 85, fix: false, local: false, cut car: true, new generate: true, Khoo: 1134.91 best obj: 1311.35(9) mean: 1512.64, max: 2025.57
Date: 07-04 at 10:21:34, iter: 86, fix: false, local: false, cut car: true, new generate: true, Khoo: 1134.91 best obj: 1311.35(9) mean: 1439.82, max: 1873.55
Date: 07-04 at 10:22:42, iter: 87, fix: false, local: false, cut car: true, new generate: true, Khoo: 1134.91 best obj: 1311.35(9) mean: 1345.43, max: 1410.29
Date: 07-04 at 10:23:51, iter: 89, fix: false, local: false, cut car: true, new generate: true, Khoo: 1134.91 best obj: 1309.15(9) mean: 1499.03, max: 1994.88
Date: 07-04 at 10:25:03, iter: 90, fix: false, local: false, cut car: true, new generate: true, Khoo: 1134.91 best obj: 1309.15(9) mean: 1409.64, max: 1934.29
Date: 07-04 at 10:26:23, iter: 91, fix: false, local: false, cut car: true, new generate: true, Khoo: 1134.91 best obj: 1309.15(9) mean: 1352.36, max: 1504.27
Date: 07-04 at 10:27:34, iter: 92, fix: false, local: false, cut car: true, new generate: true, Khoo: 1134.91 best obj: 1309.15(9) mean: 1352.86, max: 1467.08
Date: 07-04 at 10:28:28, iter: 94, fix: false, local: false, cut car: true, new generate: true, Khoo: 1134.91 best obj: 1309.15(9) mean: 1634.75, max: 2018.38
Date: 07-04 at 10:29:22, iter: 95, fix: false, local: false, cut car: true, new generate: true, Khoo: 1134.91 best obj: 1309.15(9) mean: 1501.39, max: 1919.05
Date: 07-04 at 10:30:20, iter: 96, fix: false, local: false, cut car: true, new generate: true, Khoo: 1134.91 best obj: 1309.15(9) mean: 1409.26, max: 1562.95
Date: 07-04 at 10:31:22, iter: 97, fix: false, local: false, cut car: true, new generate: true, Khoo: 1134.91 best obj: 1309.15(9) mean: 1398.79, max: 1517.40
Date: 07-04 at 10:32:19, iter: 99, fix: false, local: false, cut car: true, new generate: true, Khoo: 1134.91 best obj: 1309.15(9) mean: 1783.15, max: 2428.30
Date: 07-04 at 10:33:33, iter: 100, fix: false, local: false, cut car: true, new generate: true, Khoo: 1134.91 best obj: 1309.15(9) mean: 1733.68, max: 2429.63
Date: 07-04 at 10:34:35, iter: 101, fix: false, local: false, cut car: true, new generate: true, Khoo: 1134.91 best obj: 1309.15(9) mean: 1627.47, max: 2395.79
Date: 07-04 at 10:35:43, iter: 102, fix: false, local: false, cut car: true, new generate: true, Khoo: 1134.91 best obj: 1309.15(9) mean: 1398.11, max: 1522.28
Date: 07-04 at 10:36:57, iter: 104, fix: false, local: false, cut car: true, new generate: true, Khoo: 1134.91 best obj: 1309.15(9) mean: 1660.25, max: 1984.61
Date: 07-04 at 10:38:02, iter: 105, fix: false, local: false, cut car: true, new generate: true, Khoo: 1134.91 best obj: 1309.15(9) mean: 1622.25, max: 2048.39
Date: 07-04 at 10:39:10, iter: 106, fix: false, local: false, cut car: true, new generate: true, Khoo: 1134.91 best obj: 1309.15(9) mean: 1477.35, max: 1794.06
Date: 07-04 at 10:40:29, iter: 107, fix: false, local: false, cut car: true, new generate: true, Khoo: 1134.91 best obj: 1309.15(9) mean: 1459.20, max: 1789.39
Date: 07-04 at 10:41:36, iter: 109, fix: false, local: false, cut car: true, new generate: true, Khoo: 1134.91 best obj: 1309.15(9) mean: 1607.75, max: 1896.20
Date: 07-04 at 10:42:37, iter: 110, fix: false, local: false, cut car: true, new generate: true, Khoo: 1134.91 best obj: 1309.15(9) mean: 1471.59, max: 1814.44
Date: 07-04 at 10:43:47, iter: 111, fix: false, local: false, cut car: true, new generate: true, Khoo: 1134.91 best obj: 1309.15(9) mean: 1405.30, max: 1674.82
Date: 07-04 at 10:45:05, iter: 112, fix: false, local: false, cut car: true, new generate: true, Khoo: 1134.91 best obj: 1309.15(9) mean: 1376.02, max: 1473.15
Date: 07-04 at 10:46:21, iter: 114, fix: false, local: false, cut car: true, new generate: true, Khoo: 1134.91 best obj: 1309.15(9) mean: 1618.98, max: 2013.09
Date: 07-04 at 10:47:32, iter: 115, fix: false, local: false, cut car: true, new generate: true, Khoo: 1134.91 best obj: 1309.15(9) mean: 1528.73, max: 2037.05
Date: 07-04 at 10:48:26, iter: 116, fix: false, local: false, cut car: true, new generate: true, Khoo: 1134.91 best obj: 1309.15(9) mean: 1438.22, max: 1798.25
Date: 07-04 at 10:49:34, iter: 117, fix: false, local: false, cut car: true, new generate: true, Khoo: 1134.91 best obj: 1309.15(9) mean: 1359.66, max: 1529.04
Date: 07-04 at 10:50:38, iter: 119, fix: false, local: false, cut car: true, new generate: true, Khoo: 1134.91 best obj: 1308.59(9) mean: 1535.64, max: 1911.31
Date: 07-04 at 10:51:48, iter: 120, fix: false, local: false, cut car: true, new generate: true, Khoo: 1134.91 best obj: 1308.59(9) mean: 1416.24, max: 1619.50
Date: 07-04 at 10:52:57, iter: 121, fix: false, local: false, cut car: true, new generate: true, Khoo: 1134.91 best obj: 1308.59(9) mean: 1359.47, max: 1531.08
Date: 07-04 at 10:54:11, iter: 122, fix: false, local: false, cut car: true, new generate: true, Khoo: 1134.91 best obj: 1308.59(9) mean: 1324.39, max: 1424.36
Date: 07-04 at 10:55:24, iter: 124, fix: false, local: false, cut car: true, new generate: true, Khoo: 1134.91 best obj: 1308.59(9) mean: 1584.50, max: 2021.74
Date: 07-04 at 10:56:32, iter: 125, fix: false, local: false, cut car: true, new generate: true, Khoo: 1134.91 best obj: 1308.59(9) mean: 1437.39, max: 1665.00
Date: 07-04 at 10:57:20, iter: 126, fix: false, local: false, cut car: true, new generate: true, Khoo: 1134.91 best obj: 1308.59(9) mean: 1396.42, max: 1507.83
Date: 07-04 at 10:58:26, iter: 127, fix: false, local: false, cut car: true, new generate: true, Khoo: 1134.91 best obj: 1308.59(9) mean: 1387.11, max: 1535.31
Date: 07-04 at 10:59:50, iter: 129, fix: false, local: false, cut car: true, new generate: true, Khoo: 1134.91 best obj: 1308.59(9) mean: 1543.47, max: 1858.76
Date: 07-04 at 11:01:02, iter: 130, fix: false, local: false, cut car: true, new generate: true, Khoo: 1134.91 best obj: 1308.59(9) mean: 1455.06, max: 1885.19
Date: 07-04 at 11:02:16, iter: 131, fix: false, local: false, cut car: true, new generate: true, Khoo: 1134.91 best obj: 1308.59(9) mean: 1393.92, max: 1913.75
Date: 07-04 at 11:03:34, iter: 132, fix: false, local: false, cut car: true, new generate: true, Khoo: 1134.91 best obj: 1308.59(9) mean: 1357.49, max: 1558.23
Date: 07-04 at 11:04:42, iter: 134, fix: false, local: false, cut car: true, new generate: true, Khoo: 1134.91 best obj: 1308.59(9) mean: 1647.29, max: 2101.03
Date: 07-04 at 11:05:47, iter: 135, fix: false, local: false, cut car: true, new generate: true, Khoo: 1134.91 best obj: 1308.59(9) mean: 1498.76, max: 1790.22
Date: 07-04 at 11:06:55, iter: 136, fix: false, local: false, cut car: true, new generate: true, Khoo: 1134.91 best obj: 1308.59(9) mean: 1436.65, max: 1766.06
Date: 07-04 at 11:07:58, iter: 137, fix: false, local: false, cut car: true, new generate: true, Khoo: 1134.91 best obj: 1308.59(9) mean: 1412.42, max: 1620.21
Date: 07-04 at 11:09:10, iter: 139, fix: false, local: false, cut car: true, new generate: true, Khoo: 1134.91 best obj: 1308.59(9) mean: 1619.43, max: 1989.30
Date: 07-04 at 11:10:18, iter: 141, fix: false, local: false, cut car: true, new generate: true, Khoo: 1134.91 best obj: 1308.59(9) mean: 2458.87, max: 4352.81
Date: 07-04 at 11:11:35, iter: 142, fix: false, local: false, cut car: true, new generate: true, Khoo: 1134.91 best obj: 1308.59(9) mean: 1538.21, max: 1796.42
Date: 07-04 at 11:12:53, iter: 143, fix: false, local: false, cut car: true, new generate: true, Khoo: 1134.91 best obj: 1308.59(9) mean: 1491.24, max: 1724.36
Date: 07-04 at 11:14:02, iter: 145, fix: false, local: false, cut car: true, new generate: true, Khoo: 1134.91 best obj: 1308.59(9) mean: 1713.37, max: 2048.27
Date: 07-04 at 11:15:11, iter: 146, fix: false, local: false, cut car: true, new generate: true, Khoo: 1134.91 best obj: 1308.59(9) mean: 1665.36, max: 2045.60
Date: 07-04 at 11:16:23, iter: 147, fix: false, local: false, cut car: true, new generate: true, Khoo: 1134.91 best obj: 1308.59(9) mean: 1511.59, max: 1913.26
Date: 07-04 at 11:17:33, iter: 148, fix: false, local: false, cut car: true, new generate: true, Khoo: 1134.91 best obj: 1308.59(9) mean: 1476.42, max: 1782.93
Date: 07-04 at 11:18:48, iter: 150, fix: false, local: false, cut car: true, new generate: true, Khoo: 1134.91 best obj: 1308.59(9) mean: 1657.90, max: 2126.94
Date: 07-04 at 11:20:01, iter: 151, fix: false, local: false, cut car: true, new generate: true, Khoo: 1134.91 best obj: 1308.59(9) mean: 1563.31, max: 2158.55
Date: 07-04 at 11:21:02, iter: 152, fix: false, local: false, cut car: true, new generate: true, Khoo: 1134.91 best obj: 1308.59(9) mean: 1448.90, max: 1746.42
Date: 07-04 at 11:21:53, iter: 153, fix: false, local: false, cut car: true, new generate: true, Khoo: 1134.91 best obj: 1308.59(9) mean: 1425.00, max: 1615.81
Date: 07-04 at 11:23:07, iter: 155, fix: false, local: false, cut car: true, new generate: true, Khoo: 1134.91 best obj: 1307.42(9) mean: 1595.44, max: 1833.09
Date: 07-04 at 11:24:13, iter: 156, fix: false, local: false, cut car: true, new generate: true, Khoo: 1134.91 best obj: 1307.42(9) mean: 1501.67, max: 1861.41
Date: 07-04 at 11:25:19, iter: 157, fix: false, local: false, cut car: true, new generate: true, Khoo: 1134.91 best obj: 1307.42(9) mean: 1408.12, max: 1682.09
Date: 07-04 at 11:26:35, iter: 158, fix: false, local: false, cut car: true, new generate: true, Khoo: 1134.91 best obj: 1307.42(9) mean: 1357.79, max: 1425.77
Date: 07-04 at 11:27:45, iter: 160, fix: false, local: false, cut car: true, new generate: true, Khoo: 1134.91 best obj: 1307.42(9) mean: 1640.12, max: 2191.30
Date: 07-04 at 11:28:53, iter: 161, fix: false, local: false, cut car: true, new generate: true, Khoo: 1134.91 best obj: 1307.42(9) mean: 1520.91, max: 2197.85
Date: 07-04 at 11:30:17, iter: 162, fix: false, local: false, cut car: true, new generate: true, Khoo: 1134.91 best obj: 1307.42(9) mean: 1400.91, max: 1589.89
Date: 07-04 at 11:31:23, iter: 163, fix: false, local: false, cut car: true, new generate: true, Khoo: 1134.91 best obj: 1307.42(9) mean: 1393.69, max: 1588.73
Date: 07-04 at 11:32:23, iter: 165, fix: false, local: false, cut car: true, new generate: true, Khoo: 1134.91 best obj: 1307.42(9) mean: 1618.16, max: 1887.68
Date: 07-04 at 11:33:14, iter: 166, fix: false, local: false, cut car: true, new generate: true, Khoo: 1134.91 best obj: 1307.42(9) mean: 1493.90, max: 1817.87
Date: 07-04 at 11:34:24, iter: 167, fix: false, local: false, cut car: true, new generate: true, Khoo: 1134.91 best obj: 1307.42(9) mean: 1403.58, max: 1760.10
Date: 07-04 at 11:35:29, iter: 168, fix: false, local: false, cut car: true, new generate: true, Khoo: 1134.91 best obj: 1307.42(9) mean: 1365.89, max: 1468.37
Date: 07-04 at 11:36:44, iter: 170, fix: false, local: false, cut car: true, new generate: true, Khoo: 1134.91 best obj: 1307.42(9) mean: 1603.07, max: 2288.48
Date: 07-04 at 11:37:48, iter: 171, fix: false, local: false, cut car: true, new generate: true, Khoo: 1134.91 best obj: 1307.42(9) mean: 1435.45, max: 2218.01
Date: 07-04 at 11:38:50, iter: 172, fix: false, local: false, cut car: true, new generate: true, Khoo: 1134.91 best obj: 1307.42(9) mean: 1353.45, max: 1472.50
Date: 07-04 at 11:39:57, iter: 173, fix: false, local: false, cut car: true, new generate: true, Khoo: 1134.91 best obj: 1307.42(9) mean: 1347.94, max: 1472.50
Date: 07-04 at 11:40:59, iter: 175, fix: false, local: false, cut car: true, new generate: true, Khoo: 1134.91 best obj: 1307.42(9) mean: 1631.31, max: 1961.35
Date: 07-04 at 11:42:09, iter: 176, fix: false, local: false, cut car: true, new generate: true, Khoo: 1134.91 best obj: 1307.42(9) mean: 1581.60, max: 1900.34
Date: 07-04 at 11:43:15, iter: 177, fix: false, local: false, cut car: true, new generate: true, Khoo: 1134.91 best obj: 1307.42(9) mean: 1481.46, max: 1853.47
Date: 07-04 at 11:44:17, iter: 178, fix: false, local: false, cut car: true, new generate: true, Khoo: 1134.91 best obj: 1307.42(9) mean: 1430.60, max: 1764.54
Date: 07-04 at 11:45:26, iter: 180, fix: false, local: false, cut car: true, new generate: true, Khoo: 1134.91 best obj: 1307.42(9) mean: 1715.73, max: 2241.32
Date: 07-04 at 11:46:34, iter: 181, fix: false, local: false, cut car: true, new generate: true, Khoo: 1134.91 best obj: 1307.42(9) mean: 1565.69, max: 2118.95
Date: 07-04 at 11:47:55, iter: 182, fix: false, local: false, cut car: true, new generate: true, Khoo: 1134.91 best obj: 1307.42(9) mean: 1564.17, max: 2109.55
Date: 07-04 at 11:49:09, iter: 183, fix: false, local: false, cut car: true, new generate: true, Khoo: 1134.91 best obj: 1307.42(9) mean: 1481.69, max: 1890.15
Date: 07-04 at 11:50:30, iter: 185, fix: false, local: false, cut car: true, new generate: true, Khoo: 1134.91 best obj: 1307.42(9) mean: 1561.89, max: 1889.92
Date: 07-04 at 11:51:30, iter: 186, fix: false, local: false, cut car: true, new generate: true, Khoo: 1134.91 best obj: 1307.42(9) mean: 1489.21, max: 1801.97
Date: 07-04 at 11:52:35, iter: 187, fix: false, local: false, cut car: true, new generate: true, Khoo: 1134.91 best obj: 1307.42(9) mean: 1400.81, max: 1552.57
Date: 07-04 at 11:54:03, iter: 188, fix: false, local: false, cut car: true, new generate: true, Khoo: 1134.91 best obj: 1307.42(9) mean: 1405.22, max: 1556.92
Date: 07-04 at 11:55:14, iter: 190, fix: false, local: false, cut car: true, new generate: true, Khoo: 1134.91 best obj: 1307.42(9) mean: 1684.02, max: 2157.64
Date: 07-04 at 11:56:26, iter: 191, fix: false, local: false, cut car: true, new generate: true, Khoo: 1134.91 best obj: 1307.42(9) mean: 1523.10, max: 2144.38
Date: 07-04 at 11:57:44, iter: 192, fix: false, local: false, cut car: true, new generate: true, Khoo: 1134.91 best obj: 1307.42(9) mean: 1506.46, max: 1985.12
Date: 07-04 at 11:59:02, iter: 193, fix: false, local: false, cut car: true, new generate: true, Khoo: 1134.91 best obj: 1307.42(9) mean: 1419.31, max: 1569.42
Date: 07-04 at 12:00:09, iter: 195, fix: false, local: false, cut car: true, new generate: true, Khoo: 1134.91 best obj: 1307.42(9) mean: 1630.68, max: 1922.44
Date: 07-04 at 12:01:14, iter: 196, fix: false, local: false, cut car: true, new generate: true, Khoo: 1134.91 best obj: 1307.42(9) mean: 1450.52, max: 1619.86
Date: 07-04 at 12:02:22, iter: 197, fix: false, local: false, cut car: true, new generate: true, Khoo: 1134.91 best obj: 1307.42(9) mean: 1432.84, max: 1587.63
Date: 07-04 at 12:03:28, iter: 198, fix: false, local: false, cut car: true, new generate: true, Khoo: 1134.91 best obj: 1307.42(9) mean: 1428.92, max: 1662.55
Date: 07-04 at 12:04:23, iter: 200, fix: false, local: false, cut car: true, new generate: true, Khoo: 1134.91 best obj: 1307.42(9) mean: 1748.96, max: 2275.45
Date: 07-04 at 12:05:38, iter: 201, fix: false, local: false, cut car: true, new generate: true, Khoo: 1134.91 best obj: 1307.42(9) mean: 1502.79, max: 2291.16
Date: 07-04 at 12:06:47, iter: 203, fix: false, local: false, cut car: true, new generate: true, Khoo: 1134.91 best obj: 1307.42(9) mean: 2603.22, max: 4308.18
Date: 07-04 at 12:08:03, iter: 204, fix: false, local: false, cut car: true, new generate: true, Khoo: 1134.91 best obj: 1307.42(9) mean: 1552.19, max: 1859.96
Date: 07-04 at 12:09:20, iter: 206, fix: false, local: false, cut car: true, new generate: true, Khoo: 1134.91 best obj: 1307.42(9) mean: 1715.88, max: 2095.92
Date: 07-04 at 12:10:22, iter: 207, fix: false, local: false, cut car: true, new generate: true, Khoo: 1134.91 best obj: 1307.42(9) mean: 1644.63, max: 2000.97
Date: 07-04 at 12:11:15, iter: 208, fix: false, local: false, cut car: true, new generate: true, Khoo: 1134.91 best obj: 1307.42(9) mean: 1500.26, max: 1816.41
Date: 07-04 at 12:12:35, iter: 209, fix: false, local: false, cut car: true, new generate: true, Khoo: 1134.91 best obj: 1307.42(9) mean: 1420.20, max: 1813.79
Date: 07-04 at 12:13:45, iter: 211, fix: false, local: false, cut car: true, new generate: true, Khoo: 1134.91 best obj: 1307.42(9) mean: 1672.51, max: 2265.79
Date: 07-04 at 12:14:54, iter: 212, fix: false, local: false, cut car: true, new generate: true, Khoo: 1134.91 best obj: 1307.42(9) mean: 1440.80, max: 1670.42
Date: 07-04 at 12:15:59, iter: 213, fix: false, local: false, cut car: true, new generate: true, Khoo: 1134.91 best obj: 1307.42(9) mean: 1379.60, max: 1569.43
Date: 07-04 at 12:17:02, iter: 214, fix: false, local: false, cut car: true, new generate: true, Khoo: 1134.91 best obj: 1307.42(9) mean: 1350.94, max: 1466.82
Date: 07-04 at 12:18:12, iter: 216, fix: false, local: false, cut car: true, new generate: true, Khoo: 1134.91 best obj: 1307.42(9) mean: 1586.69, max: 2056.12
Date: 07-04 at 12:19:19, iter: 217, fix: false, local: false, cut car: true, new generate: true, Khoo: 1134.91 best obj: 1307.42(9) mean: 1414.92, max: 1983.72
Date: 07-04 at 12:20:26, iter: 218, fix: false, local: false, cut car: true, new generate: true, Khoo: 1134.91 best obj: 1306.80(9) mean: 1356.36, max: 1471.29
Date: 07-04 at 12:21:34, iter: 219, fix: false, local: false, cut car: true, new generate: true, Khoo: 1134.91 best obj: 1306.80(9) mean: 1374.53, max: 1500.45
Date: 07-04 at 12:22:43, iter: 220, fix: false, local: false, cut car: true, new generate: true, Khoo: 1134.91 best obj: 1306.80(9) mean: 1381.74, max: 1515.37
Date: 07-04 at 12:23:54, iter: 221, fix: false, local: false, cut car: true, new generate: true, Khoo: 1134.91 best obj: 1296.40(10) mean: 1346.37, max: 1423.06
Date: 07-04 at 12:25:13, iter: 222, fix: false, local: false, cut car: true, new generate: true, Khoo: 1134.91 best obj: 1296.40(10) mean: 1349.04, max: 1431.51
Date: 07-04 at 12:26:18, iter: 223, fix: false, local: false, cut car: true, new generate: true, Khoo: 1134.91 best obj: 1296.40(10) mean: 1346.95, max: 1469.50
Date: 07-04 at 12:27:34, iter: 224, fix: false, local: false, cut car: true, new generate: true, Khoo: 1134.91 best obj: 1296.40(10) mean: 1357.62, max: 1482.05
Date: 07-04 at 12:28:49, iter: 225, fix: false, local: false, cut car: true, new generate: true, Khoo: 1134.91 best obj: 1296.40(10) mean: 1321.32, max: 1388.80
Date: 07-04 at 12:29:43, iter: 227, fix: false, local: false, cut car: true, new generate: true, Khoo: 1134.91 best obj: 1296.40(10) mean: 1526.34, max: 1984.83
Date: 07-04 at 12:30:55, iter: 228, fix: false, local: false, cut car: true, new generate: true, Khoo: 1134.91 best obj: 1296.40(10) mean: 1431.55, max: 1993.57
Date: 07-04 at 12:32:11, iter: 229, fix: false, local: false, cut car: true, new generate: true, Khoo: 1134.91 best obj: 1296.40(10) mean: 1382.76, max: 1634.12
Date: 07-04 at 12:33:16, iter: 230, fix: false, local: false, cut car: true, new generate: true, Khoo: 1134.91 best obj: 1296.40(10) mean: 1334.67, max: 1476.65
Date: 07-04 at 12:34:21, iter: 232, fix: false, local: false, cut car: true, new generate: true, Khoo: 1134.91 best obj: 1296.40(10) mean: 1587.75, max: 1987.14
Date: 07-04 at 12:35:30, iter: 233, fix: false, local: false, cut car: true, new generate: true, Khoo: 1134.91 best obj: 1296.40(10) mean: 1408.24, max: 1711.29
Date: 07-04 at 12:36:52, iter: 234, fix: false, local: false, cut car: true, new generate: true, Khoo: 1134.91 best obj: 1296.40(10) mean: 1388.65, max: 1534.89
Date: 07-04 at 12:38:00, iter: 235, fix: false, local: false, cut car: true, new generate: true, Khoo: 1134.91 best obj: 1296.40(10) mean: 1372.63, max: 1517.20
Date: 07-04 at 12:39:19, iter: 237, fix: false, local: false, cut car: true, new generate: true, Khoo: 1134.91 best obj: 1296.40(10) mean: 1685.87, max: 1919.44
Date: 07-04 at 12:40:45, iter: 238, fix: false, local: false, cut car: true, new generate: true, Khoo: 1134.91 best obj: 1296.40(10) mean: 1631.12, max: 1889.41
Date: 07-04 at 12:41:45, iter: 239, fix: false, local: false, cut car: true, new generate: true, Khoo: 1134.91 best obj: 1296.40(10) mean: 1518.72, max: 1824.91
Date: 07-04 at 12:43:13, iter: 240, fix: false, local: false, cut car: true, new generate: true, Khoo: 1134.91 best obj: 1296.40(10) mean: 1415.03, max: 1569.81
Date: 07-04 at 12:44:10, iter: 242, fix: false, local: false, cut car: true, new generate: true, Khoo: 1134.91 best obj: 1296.40(10) mean: 1685.84, max: 2334.33
Date: 07-04 at 12:45:21, iter: 243, fix: false, local: false, cut car: true, new generate: true, Khoo: 1134.91 best obj: 1296.40(10) mean: 1552.12, max: 2336.76
Date: 07-04 at 12:46:45, iter: 244, fix: false, local: false, cut car: true, new generate: true, Khoo: 1134.91 best obj: 1296.40(10) mean: 1460.92, max: 1753.64
Date: 07-04 at 12:48:06, iter: 245, fix: false, local: false, cut car: true, new generate: true, Khoo: 1134.91 best obj: 1296.40(10) mean: 1439.20, max: 1658.11
Date: 07-04 at 12:49:21, iter: 247, fix: false, local: false, cut car: true, new generate: true, Khoo: 1134.91 best obj: 1296.40(10) mean: 1650.67, max: 1968.52
Date: 07-04 at 12:50:16, iter: 248, fix: false, local: false, cut car: true, new generate: true, Khoo: 1134.91 best obj: 1296.40(10) mean: 1562.42, max: 1956.83
Date: 07-04 at 12:51:19, iter: 249, fix: false, local: false, cut car: true, new generate: true, Khoo: 1134.91 best obj: 1296.40(10) mean: 1500.06, max: 1830.70
Date: 07-04 at 12:52:23, iter: 250, fix: false, local: false, cut car: true, new generate: true, Khoo: 1134.91 best obj: 1296.40(10) mean: 1390.21, max: 1548.95
Date: 07-04 at 12:53:30, iter: 252, fix: false, local: false, cut car: true, new generate: true, Khoo: 1134.91 best obj: 1296.40(10) mean: 1548.91, max: 1890.57
Date: 07-04 at 12:54:27, iter: 253, fix: false, local: false, cut car: true, new generate: true, Khoo: 1134.91 best obj: 1296.40(10) mean: 1395.12, max: 1764.35
Date: 07-04 at 12:55:45, iter: 254, fix: false, local: false, cut car: true, new generate: true, Khoo: 1134.91 best obj: 1296.40(10) mean: 1368.32, max: 1675.74
Date: 07-04 at 12:56:41, iter: 255, fix: false, local: false, cut car: true, new generate: true, Khoo: 1134.91 best obj: 1296.40(10) mean: 1347.81, max: 1442.13
Date: 07-04 at 12:57:49, iter: 257, fix: false, local: false, cut car: true, new generate: true, Khoo: 1134.91 best obj: 1296.40(10) mean: 1595.41, max: 2341.06
Date: 07-04 at 12:58:56, iter: 258, fix: false, local: false, cut car: true, new generate: true, Khoo: 1134.91 best obj: 1296.40(10) mean: 1484.79, max: 1998.95
Date: 07-04 at 13:00:12, iter: 259, fix: false, local: false, cut car: true, new generate: true, Khoo: 1134.91 best obj: 1296.40(10) mean: 1460.11, max: 1992.71
Date: 07-04 at 13:01:18, iter: 260, fix: false, local: false, cut car: true, new generate: true, Khoo: 1134.91 best obj: 1296.40(10) mean: 1417.44, max: 1856.14
Date: 07-04 at 13:02:34, iter: 262, fix: false, local: false, cut car: true, new generate: true, Khoo: 1134.91 best obj: 1296.40(10) mean: 1625.60, max: 2623.64
Date: 07-04 at 13:03:42, iter: 263, fix: false, local: false, cut car: true, new generate: true, Khoo: 1134.91 best obj: 1296.40(10) mean: 1538.48, max: 2554.78
Date: 07-04 at 13:04:47, iter: 264, fix: false, local: false, cut car: true, new generate: true, Khoo: 1134.91 best obj: 1296.40(10) mean: 1477.37, max: 2356.84
Date: 07-04 at 13:06:07, iter: 265, fix: false, local: false, cut car: true, new generate: true, Khoo: 1134.91 best obj: 1296.40(10) mean: 1360.23, max: 1483.81
Date: 07-04 at 13:07:15, iter: 267, fix: false, local: false, cut car: true, new generate: true, Khoo: 1134.91 best obj: 1296.40(10) mean: 1657.85, max: 2142.03
Date: 07-04 at 13:08:19, iter: 268, fix: false, local: false, cut car: true, new generate: true, Khoo: 1134.91 best obj: 1296.40(10) mean: 1407.54, max: 1578.73
Date: 07-04 at 13:09:31, iter: 269, fix: false, local: false, cut car: true, new generate: true, Khoo: 1134.91 best obj: 1296.40(10) mean: 1425.38, max: 1660.31
Date: 07-04 at 13:10:45, iter: 270, fix: false, local: false, cut car: true, new generate: true, Khoo: 1134.91 best obj: 1296.40(10) mean: 1433.23, max: 1663.88
Date: 07-04 at 13:11:51, iter: 272, fix: false, local: false, cut car: true, new generate: true, Khoo: 1134.91 best obj: 1296.40(10) mean: 1570.75, max: 1794.84
Date: 07-04 at 13:13:06, iter: 273, fix: false, local: false, cut car: true, new generate: true, Khoo: 1134.91 best obj: 1296.40(10) mean: 1410.75, max: 1628.18
Date: 07-04 at 13:14:16, iter: 274, fix: false, local: false, cut car: true, new generate: true, Khoo: 1134.91 best obj: 1296.40(10) mean: 1391.74, max: 1568.93
Date: 07-04 at 13:15:29, iter: 275, fix: false, local: false, cut car: true, new generate: true, Khoo: 1134.91 best obj: 1296.40(10) mean: 1370.49, max: 1485.83
Date: 07-04 at 13:16:38, iter: 277, fix: false, local: false, cut car: true, new generate: true, Khoo: 1134.91 best obj: 1296.40(10) mean: 1597.94, max: 1951.71
Date: 07-04 at 13:17:51, iter: 278, fix: false, local: false, cut car: true, new generate: true, Khoo: 1134.91 best obj: 1296.40(10) mean: 1465.14, max: 1927.98
Date: 07-04 at 13:19:06, iter: 279, fix: false, local: false, cut car: true, new generate: true, Khoo: 1134.91 best obj: 1296.40(10) mean: 1422.27, max: 1594.08
Date: 07-04 at 13:20:14, iter: 280, fix: false, local: false, cut car: true, new generate: true, Khoo: 1134.91 best obj: 1296.40(10) mean: 1408.01, max: 1589.76
Date: 07-04 at 13:21:22, iter: 282, fix: false, local: false, cut car: true, new generate: true, Khoo: 1134.91 best obj: 1296.40(10) mean: 1587.41, max: 1977.11
Date: 07-04 at 13:22:31, iter: 284, fix: false, local: false, cut car: true, new generate: true, Khoo: 1134.91 best obj: 1296.40(10) mean: 2298.03, max: 3994.60
Date: 07-04 at 13:23:48, iter: 285, fix: false, local: false, cut car: true, new generate: true, Khoo: 1134.91 best obj: 1296.40(10) mean: 1518.55, max: 1855.98
Date: 07-04 at 13:24:45, iter: 286, fix: false, local: false, cut car: true, new generate: true, Khoo: 1134.91 best obj: 1296.40(10) mean: 1493.32, max: 1731.84
Date: 07-04 at 13:25:56, iter: 288, fix: false, local: false, cut car: true, new generate: true, Khoo: 1134.91 best obj: 1296.40(10) mean: 1632.52, max: 1943.76
Date: 07-04 at 13:27:14, iter: 289, fix: false, local: false, cut car: true, new generate: true, Khoo: 1134.91 best obj: 1296.40(10) mean: 1569.58, max: 1977.17
Date: 07-04 at 13:28:22, iter: 290, fix: false, local: false, cut car: true, new generate: true, Khoo: 1134.91 best obj: 1296.40(10) mean: 1466.00, max: 1963.05
Date: 07-04 at 13:29:30, iter: 291, fix: false, local: false, cut car: true, new generate: true, Khoo: 1134.91 best obj: 1296.40(10) mean: 1407.97, max: 1725.74
Date: 07-04 at 13:30:29, iter: 293, fix: false, local: false, cut car: true, new generate: true, Khoo: 1134.91 best obj: 1296.40(10) mean: 1635.85, max: 2042.88
Date: 07-04 at 13:31:37, iter: 294, fix: false, local: false, cut car: true, new generate: true, Khoo: 1134.91 best obj: 1296.40(10) mean: 1486.43, max: 2075.08
Date: 07-04 at 13:32:58, iter: 295, fix: false, local: false, cut car: true, new generate: true, Khoo: 1134.91 best obj: 1296.40(10) mean: 1354.13, max: 1444.57
Date: 07-04 at 13:34:18, iter: 296, fix: false, local: false, cut car: true, new generate: true, Khoo: 1134.91 best obj: 1296.40(10) mean: 1337.49, max: 1397.17
Date: 07-04 at 13:35:33, iter: 298, fix: false, local: false, cut car: true, new generate: true, Khoo: 1134.91 best obj: 1296.40(10) mean: 1570.02, max: 1815.17
Date: 07-04 at 13:36:36, iter: 299, fix: false, local: false, cut car: true, new generate: true, Khoo: 1134.91 best obj: 1296.40(10) mean: 1380.81, max: 1626.02
Date: 07-04 at 13:37:50, iter: 300, fix: false, local: false, cut car: true, new generate: true, Khoo: 1134.91 best obj: 1296.40(10) mean: 1351.46, max: 1489.93
Date: 07-04 at 13:38:54, iter: 301, fix: false, local: false, cut car: true, new generate: true, Khoo: 1134.91 best obj: 1296.40(10) mean: 1358.83, max: 1513.45
Date: 07-04 at 13:39:50, iter: 303, fix: false, local: false, cut car: true, new generate: true, Khoo: 1134.91 best obj: 1296.40(10) mean: 1544.88, max: 1789.28
Date: 07-04 at 13:40:53, iter: 304, fix: false, local: false, cut car: true, new generate: true, Khoo: 1134.91 best obj: 1296.40(10) mean: 1376.54, max: 1485.85
Date: 07-04 at 13:42:07, iter: 305, fix: false, local: false, cut car: true, new generate: true, Khoo: 1134.91 best obj: 1296.40(10) mean: 1379.76, max: 1495.76
Date: 07-04 at 13:43:19, iter: 306, fix: false, local: false, cut car: true, new generate: true, Khoo: 1134.91 best obj: 1296.40(10) mean: 1353.29, max: 1470.66
Date: 07-04 at 13:44:28, iter: 308, fix: false, local: false, cut car: true, new generate: true, Khoo: 1134.91 best obj: 1296.40(10) mean: 1576.63, max: 1881.02
Date: 07-04 at 13:45:38, iter: 309, fix: false, local: false, cut car: true, new generate: true, Khoo: 1134.91 best obj: 1296.40(10) mean: 1407.13, max: 1664.77
Date: 07-04 at 13:46:46, iter: 310, fix: false, local: false, cut car: true, new generate: true, Khoo: 1134.91 best obj: 1296.40(10) mean: 1397.80, max: 1541.52
Date: 07-04 at 13:47:40, iter: 311, fix: false, local: false, cut car: true, new generate: true, Khoo: 1134.91 best obj: 1296.40(10) mean: 1394.81, max: 1545.65
Date: 07-04 at 13:48:55, iter: 313, fix: false, local: false, cut car: true, new generate: true, Khoo: 1134.91 best obj: 1296.40(10) mean: 1578.33, max: 1964.32
Date: 07-04 at 13:50:00, iter: 314, fix: false, local: false, cut car: true, new generate: true, Khoo: 1134.91 best obj: 1296.40(10) mean: 1429.79, max: 1922.73
Date: 07-04 at 13:51:15, iter: 315, fix: false, local: false, cut car: true, new generate: true, Khoo: 1134.91 best obj: 1296.40(10) mean: 1367.64, max: 1569.16
Date: 07-04 at 13:52:20, iter: 316, fix: false, local: false, cut car: true, new generate: true, Khoo: 1134.91 best obj: 1296.40(10) mean: 1353.88, max: 1553.44
Date: 07-04 at 13:53:19, iter: 318, fix: false, local: false, cut car: true, new generate: true, Khoo: 1134.91 best obj: 1296.40(10) mean: 1693.40, max: 1887.51
Date: 07-04 at 13:54:20, iter: 319, fix: false, local: false, cut car: true, new generate: true, Khoo: 1134.91 best obj: 1296.40(10) mean: 1444.67, max: 1652.35
Date: 07-04 at 13:55:27, iter: 320, fix: false, local: false, cut car: true, new generate: true, Khoo: 1134.91 best obj: 1296.40(10) mean: 1439.98, max: 1665.98
Date: 07-04 at 13:56:45, iter: 321, fix: false, local: false, cut car: true, new generate: true, Khoo: 1134.91 best obj: 1296.40(10) mean: 1401.18, max: 1596.03
Date: 07-04 at 13:57:51, iter: 323, fix: false, local: false, cut car: true, new generate: true, Khoo: 1134.91 best obj: 1296.40(10) mean: 1617.40, max: 2269.31
